------------------------------------------------------
_sliding=2_posNumber=0.15_stiLevel=0.5_disLevel=0.55_epoch=800_batchSize=8_learningRate=0.01Time cluster: 11.547 seconds
Time train: 1441.684 seconds
Time model: 1470.528 seconds
List clusters: [[0, array([0., 0., 0., 0.])], [11015, array([0.02411135, 0.02431083, 0.01103894, 0.01086971])], [103, array([0.34742185, 0.34472144, 0.21660385, 0.21172362])], [0, array([0.67371092, 0.42586828, 0.60830193, 0.26995279])], [1, array([1.        , 0.50701512, 1.        , 0.32818196])], [0, array([0.71177617, 0.58968792, 0.67908191, 0.46702188])], [0, array([0.42355234, 0.67236072, 0.35816383, 0.60586181])], [0, array([0.58669688, 0.71293414, 0.55401286, 0.63497639])], [0, array([0.74984142, 0.75350756, 0.7498619 , 0.66409098])], [1, array([0.49968284, 1.        , 0.4997238 , 1.        ])], [0, array([0.74984142, 1.        , 0.7498619 , 1.        ])], [0, array([1., 1., 1., 1.])]]
w2: [[0.35798959]
 [0.22438133]
 [0.22352511]
 [0.20385462]
 [0.22485126]
 [0.26432339]
 [0.17972071]
 [0.19351717]
 [0.26252222]
 [0.25023173]
 [0.29169082]
 [0.21479164]]
b2: [-1.94270428]
RMSE: 0.706278804574
MAE: 0.498178911042

------------------------------------------------------
_sliding=2_posNumber=0.15_stiLevel=0.5_disLevel=0.55_epoch=800_batchSize=8_learningRate=0.05Time cluster: 14.088 seconds
Time train: 1433.271 seconds
Time model: 1463.313 seconds
List clusters: [[0, array([0., 0., 0., 0.])], [11015, array([0.02411135, 0.02431083, 0.01103894, 0.01086971])], [103, array([0.34742185, 0.34472144, 0.21660385, 0.21172362])], [0, array([0.67371092, 0.42586828, 0.60830193, 0.26995279])], [1, array([1.        , 0.50701512, 1.        , 0.32818196])], [0, array([0.71177617, 0.58968792, 0.67908191, 0.46702188])], [0, array([0.42355234, 0.67236072, 0.35816383, 0.60586181])], [0, array([0.58669688, 0.71293414, 0.55401286, 0.63497639])], [0, array([0.74984142, 0.75350756, 0.7498619 , 0.66409098])], [1, array([0.49968284, 1.        , 0.4997238 , 1.        ])], [0, array([0.74984142, 1.        , 0.7498619 , 1.        ])], [0, array([1., 1., 1., 1.])]]
w2: [[ 0.22212163]
 [ 0.02917616]
 [-0.03461627]
 [ 0.00455672]
 [ 0.04240999]
 [ 0.02331897]
 [-0.06478851]
 [-0.0336244 ]
 [ 0.00809458]
 [ 0.06638068]
 [ 0.02118819]
 [ 0.10245834]]
b2: [-0.15076829]
RMSE: 0.45837770553
MAE: 0.292831223474

------------------------------------------------------
_sliding=2_posNumber=0.15_stiLevel=0.5_disLevel=0.55_epoch=800_batchSize=8_learningRate=0.1Time cluster: 15.272 seconds
Time train: 1472.466 seconds
Time model: 1515.454 seconds
List clusters: [[0, array([0., 0., 0., 0.])], [11015, array([0.02411135, 0.02431083, 0.01103894, 0.01086971])], [103, array([0.34742185, 0.34472144, 0.21660385, 0.21172362])], [0, array([0.67371092, 0.42586828, 0.60830193, 0.26995279])], [1, array([1.        , 0.50701512, 1.        , 0.32818196])], [0, array([0.71177617, 0.58968792, 0.67908191, 0.46702188])], [0, array([0.42355234, 0.67236072, 0.35816383, 0.60586181])], [0, array([0.58669688, 0.71293414, 0.55401286, 0.63497639])], [0, array([0.74984142, 0.75350756, 0.7498619 , 0.66409098])], [1, array([0.49968284, 1.        , 0.4997238 , 1.        ])], [0, array([0.74984142, 1.        , 0.7498619 , 1.        ])], [0, array([1., 1., 1., 1.])]]
w2: [[ 0.27150869]
 [ 0.00817579]
 [-0.1864199 ]
 [ 0.04426294]
 [ 0.20057247]
 [ 0.05124806]
 [-0.12624805]
 [ 0.0876191 ]
 [ 0.1335907 ]
 [ 0.16272315]
 [ 0.17994807]
 [ 0.25926356]]
b2: [-0.82818257]
RMSE: 0.461327195501
MAE: 0.294207000608

------------------------------------------------------
_sliding=2_posNumber=0.15_stiLevel=0.5_disLevel=0.55_epoch=800_batchSize=8_learningRate=0.2Time cluster: 14.246 seconds
Time train: 1449.019 seconds
Time model: 1488.629 seconds
List clusters: [[0, array([0., 0., 0., 0.])], [11015, array([0.02411135, 0.02431083, 0.01103894, 0.01086971])], [103, array([0.34742185, 0.34472144, 0.21660385, 0.21172362])], [0, array([0.67371092, 0.42586828, 0.60830193, 0.26995279])], [1, array([1.        , 0.50701512, 1.        , 0.32818196])], [0, array([0.71177617, 0.58968792, 0.67908191, 0.46702188])], [0, array([0.42355234, 0.67236072, 0.35816383, 0.60586181])], [0, array([0.58669688, 0.71293414, 0.55401286, 0.63497639])], [0, array([0.74984142, 0.75350756, 0.7498619 , 0.66409098])], [1, array([0.49968284, 1.        , 0.4997238 , 1.        ])], [0, array([0.74984142, 1.        , 0.7498619 , 1.        ])], [0, array([1., 1., 1., 1.])]]
w2: [[-0.18540651]
 [-0.03142941]
 [-0.1034141 ]
 [-0.07873304]
 [-0.12939954]
 [-0.15935053]
 [-0.24897936]
 [-0.18214416]
 [-0.20842601]
 [-0.20757759]
 [-0.10982294]
 [-0.14118676]]
b2: [1.33787475]
RMSE: 0.441942445128
MAE: 0.279259551389

------------------------------------------------------
_sliding=2_posNumber=0.15_stiLevel=0.5_disLevel=0.55_epoch=800_batchSize=8_learningRate=0.3Time cluster: 17.888 seconds
Time train: 1467.827 seconds
Time model: 1513.7 seconds
List clusters: [[0, array([0., 0., 0., 0.])], [11015, array([0.02411135, 0.02431083, 0.01103894, 0.01086971])], [103, array([0.34742185, 0.34472144, 0.21660385, 0.21172362])], [0, array([0.67371092, 0.42586828, 0.60830193, 0.26995279])], [1, array([1.        , 0.50701512, 1.        , 0.32818196])], [0, array([0.71177617, 0.58968792, 0.67908191, 0.46702188])], [0, array([0.42355234, 0.67236072, 0.35816383, 0.60586181])], [0, array([0.58669688, 0.71293414, 0.55401286, 0.63497639])], [0, array([0.74984142, 0.75350756, 0.7498619 , 0.66409098])], [1, array([0.49968284, 1.        , 0.4997238 , 1.        ])], [0, array([0.74984142, 1.        , 0.7498619 , 1.        ])], [0, array([1., 1., 1., 1.])]]
w2: [[-0.11850604]
 [ 0.00207616]
 [-0.42876404]
 [-0.06434825]
 [ 0.32809413]
 [-0.06034931]
 [-0.33931578]
 [-0.15045202]
 [ 0.13183695]
 [ 0.19651522]
 [ 0.26089194]
 [ 0.34553722]]
b2: [-0.45823428]
RMSE: 0.447471470499
MAE: 0.280326094457

------------------------------------------------------
_sliding=2_posNumber=0.15_stiLevel=0.5_disLevel=0.55_epoch=800_batchSize=32_learningRate=0.01Time cluster: 12.703 seconds
Time train: 418.304 seconds
Time model: 456.902 seconds
List clusters: [[0, array([0., 0., 0., 0.])], [11015, array([0.02411135, 0.02431083, 0.01103894, 0.01086971])], [103, array([0.34742185, 0.34472144, 0.21660385, 0.21172362])], [0, array([0.67371092, 0.42586828, 0.60830193, 0.26995279])], [1, array([1.        , 0.50701512, 1.        , 0.32818196])], [0, array([0.71177617, 0.58968792, 0.67908191, 0.46702188])], [0, array([0.42355234, 0.67236072, 0.35816383, 0.60586181])], [0, array([0.58669688, 0.71293414, 0.55401286, 0.63497639])], [0, array([0.74984142, 0.75350756, 0.7498619 , 0.66409098])], [1, array([0.49968284, 1.        , 0.4997238 , 1.        ])], [0, array([0.74984142, 1.        , 0.7498619 , 1.        ])], [0, array([1., 1., 1., 1.])]]
w2: [[-0.08303831]
 [-0.07523862]
 [-0.12134527]
 [-0.13243704]
 [-0.14730075]
 [-0.13466158]
 [-0.1756381 ]
 [-0.12880431]
 [-0.13988992]
 [-0.15059747]
 [-0.12564372]
 [-0.15354102]]
b2: [1.19308069]
RMSE: 0.45255749769
MAE: 0.297328386796

------------------------------------------------------
_sliding=2_posNumber=0.15_stiLevel=0.5_disLevel=0.55_epoch=800_batchSize=32_learningRate=0.05Time cluster: 16.716 seconds
Time train: 408.357 seconds
Time model: 449.267 seconds
List clusters: [[0, array([0., 0., 0., 0.])], [11015, array([0.02411135, 0.02431083, 0.01103894, 0.01086971])], [103, array([0.34742185, 0.34472144, 0.21660385, 0.21172362])], [0, array([0.67371092, 0.42586828, 0.60830193, 0.26995279])], [1, array([1.        , 0.50701512, 1.        , 0.32818196])], [0, array([0.71177617, 0.58968792, 0.67908191, 0.46702188])], [0, array([0.42355234, 0.67236072, 0.35816383, 0.60586181])], [0, array([0.58669688, 0.71293414, 0.55401286, 0.63497639])], [0, array([0.74984142, 0.75350756, 0.7498619 , 0.66409098])], [1, array([0.49968284, 1.        , 0.4997238 , 1.        ])], [0, array([0.74984142, 1.        , 0.7498619 , 1.        ])], [0, array([1., 1., 1., 1.])]]
w2: [[ 0.08767117]
 [ 0.0425982 ]
 [-0.0445274 ]
 [-0.08900409]
 [-0.02816332]
 [-0.00421123]
 [-0.08959063]
 [-0.00279116]
 [-0.06869505]
 [-0.04793346]
 [ 0.02045698]
 [ 0.00629236]]
b2: [0.27657847]
RMSE: 0.458676962445
MAE: 0.297832820461

------------------------------------------------------
_sliding=2_posNumber=0.15_stiLevel=0.5_disLevel=0.55_epoch=800_batchSize=32_learningRate=0.1Time cluster: 15.241 seconds
Time train: 421.887 seconds
Time model: 462.924 seconds
List clusters: [[0, array([0., 0., 0., 0.])], [11015, array([0.02411135, 0.02431083, 0.01103894, 0.01086971])], [103, array([0.34742185, 0.34472144, 0.21660385, 0.21172362])], [0, array([0.67371092, 0.42586828, 0.60830193, 0.26995279])], [1, array([1.        , 0.50701512, 1.        , 0.32818196])], [0, array([0.71177617, 0.58968792, 0.67908191, 0.46702188])], [0, array([0.42355234, 0.67236072, 0.35816383, 0.60586181])], [0, array([0.58669688, 0.71293414, 0.55401286, 0.63497639])], [0, array([0.74984142, 0.75350756, 0.7498619 , 0.66409098])], [1, array([0.49968284, 1.        , 0.4997238 , 1.        ])], [0, array([0.74984142, 1.        , 0.7498619 , 1.        ])], [0, array([1., 1., 1., 1.])]]
w2: [[0.47807837]
 [0.32635294]
 [0.03727087]
 [0.15366711]
 [0.23208348]
 [0.22452678]
 [0.10394271]
 [0.20908127]
 [0.2284678 ]
 [0.1822554 ]
 [0.25870514]
 [0.30345649]]
b2: [-1.70686338]
RMSE: 0.547168603065
MAE: 0.358977456807

------------------------------------------------------
_sliding=2_posNumber=0.15_stiLevel=0.5_disLevel=0.55_epoch=800_batchSize=32_learningRate=0.2Time cluster: 12.437 seconds
Time train: 428.846 seconds
Time model: 467.8 seconds
List clusters: [[0, array([0., 0., 0., 0.])], [11015, array([0.02411135, 0.02431083, 0.01103894, 0.01086971])], [103, array([0.34742185, 0.34472144, 0.21660385, 0.21172362])], [0, array([0.67371092, 0.42586828, 0.60830193, 0.26995279])], [1, array([1.        , 0.50701512, 1.        , 0.32818196])], [0, array([0.71177617, 0.58968792, 0.67908191, 0.46702188])], [0, array([0.42355234, 0.67236072, 0.35816383, 0.60586181])], [0, array([0.58669688, 0.71293414, 0.55401286, 0.63497639])], [0, array([0.74984142, 0.75350756, 0.7498619 , 0.66409098])], [1, array([0.49968284, 1.        , 0.4997238 , 1.        ])], [0, array([0.74984142, 1.        , 0.7498619 , 1.        ])], [0, array([1., 1., 1., 1.])]]
w2: [[ 0.08879347]
 [ 0.01450011]
 [-0.13381798]
 [-0.04610725]
 [ 0.04363298]
 [-0.00954734]
 [-0.0995322 ]
 [-0.06325681]
 [ 0.01018162]
 [ 0.00544845]
 [ 0.06422623]
 [ 0.06828539]]
b2: [0.06613669]
RMSE: 0.454502937039
MAE: 0.290794989897

------------------------------------------------------
_sliding=2_posNumber=0.15_stiLevel=0.5_disLevel=0.55_epoch=800_batchSize=32_learningRate=0.3Time cluster: 14.44 seconds
Time train: 419.691 seconds
Time model: 459.794 seconds
List clusters: [[0, array([0., 0., 0., 0.])], [11015, array([0.02411135, 0.02431083, 0.01103894, 0.01086971])], [103, array([0.34742185, 0.34472144, 0.21660385, 0.21172362])], [0, array([0.67371092, 0.42586828, 0.60830193, 0.26995279])], [1, array([1.        , 0.50701512, 1.        , 0.32818196])], [0, array([0.71177617, 0.58968792, 0.67908191, 0.46702188])], [0, array([0.42355234, 0.67236072, 0.35816383, 0.60586181])], [0, array([0.58669688, 0.71293414, 0.55401286, 0.63497639])], [0, array([0.74984142, 0.75350756, 0.7498619 , 0.66409098])], [1, array([0.49968284, 1.        , 0.4997238 , 1.        ])], [0, array([0.74984142, 1.        , 0.7498619 , 1.        ])], [0, array([1., 1., 1., 1.])]]
w2: [[ 0.4680844 ]
 [ 0.15222963]
 [-0.09305517]
 [ 0.13406333]
 [ 0.37676431]
 [ 0.11944117]
 [-0.0822947 ]
 [ 0.13303785]
 [ 0.28072676]
 [ 0.33861609]
 [ 0.34764732]
 [ 0.4079322 ]]
b2: [-1.83330679]
RMSE: 0.485992157448
MAE: 0.307637975308

------------------------------------------------------
_sliding=2_posNumber=0.15_stiLevel=0.5_disLevel=0.55_epoch=800_batchSize=64_learningRate=0.01Time cluster: 17.315 seconds
Time train: 245.823 seconds
Time model: 287.652 seconds
List clusters: [[0, array([0., 0., 0., 0.])], [11015, array([0.02411135, 0.02431083, 0.01103894, 0.01086971])], [103, array([0.34742185, 0.34472144, 0.21660385, 0.21172362])], [0, array([0.67371092, 0.42586828, 0.60830193, 0.26995279])], [1, array([1.        , 0.50701512, 1.        , 0.32818196])], [0, array([0.71177617, 0.58968792, 0.67908191, 0.46702188])], [0, array([0.42355234, 0.67236072, 0.35816383, 0.60586181])], [0, array([0.58669688, 0.71293414, 0.55401286, 0.63497639])], [0, array([0.74984142, 0.75350756, 0.7498619 , 0.66409098])], [1, array([0.49968284, 1.        , 0.4997238 , 1.        ])], [0, array([0.74984142, 1.        , 0.7498619 , 1.        ])], [0, array([1., 1., 1., 1.])]]
w2: [[0.06455932]
 [0.01372009]
 [0.08898278]
 [0.05953265]
 [0.06520992]
 [0.1261197 ]
 [0.08650286]
 [0.10657867]
 [0.03186171]
 [0.07737686]
 [0.06505922]
 [0.12052689]]
b2: [-0.67940062]
RMSE: 0.665035039877
MAE: 0.495382375123

------------------------------------------------------
_sliding=2_posNumber=0.15_stiLevel=0.5_disLevel=0.55_epoch=800_batchSize=64_learningRate=0.05Time cluster: 19.059 seconds
Time train: 245.918 seconds
Time model: 284.837 seconds
List clusters: [[0, array([0., 0., 0., 0.])], [11015, array([0.02411135, 0.02431083, 0.01103894, 0.01086971])], [103, array([0.34742185, 0.34472144, 0.21660385, 0.21172362])], [0, array([0.67371092, 0.42586828, 0.60830193, 0.26995279])], [1, array([1.        , 0.50701512, 1.        , 0.32818196])], [0, array([0.71177617, 0.58968792, 0.67908191, 0.46702188])], [0, array([0.42355234, 0.67236072, 0.35816383, 0.60586181])], [0, array([0.58669688, 0.71293414, 0.55401286, 0.63497639])], [0, array([0.74984142, 0.75350756, 0.7498619 , 0.66409098])], [1, array([0.49968284, 1.        , 0.4997238 , 1.        ])], [0, array([0.74984142, 1.        , 0.7498619 , 1.        ])], [0, array([1., 1., 1., 1.])]]
w2: [[0.18237564]
 [0.14511724]
 [0.046885  ]
 [0.19269388]
 [0.14599439]
 [0.1606557 ]
 [0.11959659]
 [0.14720763]
 [0.137348  ]
 [0.13285541]
 [0.15678467]
 [0.13940763]]
b2: [-1.17696857]
RMSE: 0.648498145295
MAE: 0.479037442638

------------------------------------------------------
_sliding=2_posNumber=0.15_stiLevel=0.5_disLevel=0.55_epoch=800_batchSize=64_learningRate=0.1Time cluster: 16.445 seconds
Time train: 245.453 seconds
Time model: 286.23 seconds
List clusters: [[0, array([0., 0., 0., 0.])], [11015, array([0.02411135, 0.02431083, 0.01103894, 0.01086971])], [103, array([0.34742185, 0.34472144, 0.21660385, 0.21172362])], [0, array([0.67371092, 0.42586828, 0.60830193, 0.26995279])], [1, array([1.        , 0.50701512, 1.        , 0.32818196])], [0, array([0.71177617, 0.58968792, 0.67908191, 0.46702188])], [0, array([0.42355234, 0.67236072, 0.35816383, 0.60586181])], [0, array([0.58669688, 0.71293414, 0.55401286, 0.63497639])], [0, array([0.74984142, 0.75350756, 0.7498619 , 0.66409098])], [1, array([0.49968284, 1.        , 0.4997238 , 1.        ])], [0, array([0.74984142, 1.        , 0.7498619 , 1.        ])], [0, array([1., 1., 1., 1.])]]
w2: [[ 0.09209935]
 [ 0.15928997]
 [-0.03966999]
 [ 0.01369873]
 [ 0.01264926]
 [-0.01724222]
 [-0.06815556]
 [-0.02940893]
 [ 0.04242873]
 [ 0.01959795]
 [ 0.00752025]
 [ 0.04500806]]
b2: [-0.01290391]
RMSE: 0.479071911286
MAE: 0.302680280455

------------------------------------------------------
_sliding=2_posNumber=0.15_stiLevel=0.5_disLevel=0.55_epoch=800_batchSize=64_learningRate=0.2Time cluster: 16.801 seconds
Time train: 244.174 seconds
Time model: 282.337 seconds
List clusters: [[0, array([0., 0., 0., 0.])], [11015, array([0.02411135, 0.02431083, 0.01103894, 0.01086971])], [103, array([0.34742185, 0.34472144, 0.21660385, 0.21172362])], [0, array([0.67371092, 0.42586828, 0.60830193, 0.26995279])], [1, array([1.        , 0.50701512, 1.        , 0.32818196])], [0, array([0.71177617, 0.58968792, 0.67908191, 0.46702188])], [0, array([0.42355234, 0.67236072, 0.35816383, 0.60586181])], [0, array([0.58669688, 0.71293414, 0.55401286, 0.63497639])], [0, array([0.74984142, 0.75350756, 0.7498619 , 0.66409098])], [1, array([0.49968284, 1.        , 0.4997238 , 1.        ])], [0, array([0.74984142, 1.        , 0.7498619 , 1.        ])], [0, array([1., 1., 1., 1.])]]
w2: [[-0.04992262]
 [-0.06024464]
 [-0.1005382 ]
 [-0.11529806]
 [-0.05629531]
 [-0.10382178]
 [-0.21267101]
 [-0.14845659]
 [-0.0817862 ]
 [-0.09817753]
 [-0.08544928]
 [-0.06216495]]
b2: [0.87965924]
RMSE: 0.447979909855
MAE: 0.289726650086

------------------------------------------------------
_sliding=2_posNumber=0.15_stiLevel=0.5_disLevel=0.55_epoch=800_batchSize=64_learningRate=0.3Time cluster: 16.138 seconds
Time train: 246.563 seconds
Time model: 288.783 seconds
List clusters: [[0, array([0., 0., 0., 0.])], [11015, array([0.02411135, 0.02431083, 0.01103894, 0.01086971])], [103, array([0.34742185, 0.34472144, 0.21660385, 0.21172362])], [0, array([0.67371092, 0.42586828, 0.60830193, 0.26995279])], [1, array([1.        , 0.50701512, 1.        , 0.32818196])], [0, array([0.71177617, 0.58968792, 0.67908191, 0.46702188])], [0, array([0.42355234, 0.67236072, 0.35816383, 0.60586181])], [0, array([0.58669688, 0.71293414, 0.55401286, 0.63497639])], [0, array([0.74984142, 0.75350756, 0.7498619 , 0.66409098])], [1, array([0.49968284, 1.        , 0.4997238 , 1.        ])], [0, array([0.74984142, 1.        , 0.7498619 , 1.        ])], [0, array([1., 1., 1., 1.])]]
w2: [[ 0.24748748]
 [ 0.15164975]
 [-0.0434473 ]
 [ 0.06691402]
 [ 0.12929292]
 [ 0.06648051]
 [-0.10524241]
 [ 0.01358657]
 [ 0.04951514]
 [ 0.13596143]
 [ 0.20641145]
 [ 0.22275371]]
b2: [-0.71046742]
RMSE: 0.477591314383
MAE: 0.299987255877

------------------------------------------------------
_sliding=2_posNumber=0.15_stiLevel=0.5_disLevel=0.55_epoch=800_batchSize=128_learningRate=0.01Time cluster: 18.693 seconds
Time train: 156.326 seconds
Time model: 203.084 seconds
List clusters: [[0, array([0., 0., 0., 0.])], [11015, array([0.02411135, 0.02431083, 0.01103894, 0.01086971])], [103, array([0.34742185, 0.34472144, 0.21660385, 0.21172362])], [0, array([0.67371092, 0.42586828, 0.60830193, 0.26995279])], [1, array([1.        , 0.50701512, 1.        , 0.32818196])], [0, array([0.71177617, 0.58968792, 0.67908191, 0.46702188])], [0, array([0.42355234, 0.67236072, 0.35816383, 0.60586181])], [0, array([0.58669688, 0.71293414, 0.55401286, 0.63497639])], [0, array([0.74984142, 0.75350756, 0.7498619 , 0.66409098])], [1, array([0.49968284, 1.        , 0.4997238 , 1.        ])], [0, array([0.74984142, 1.        , 0.7498619 , 1.        ])], [0, array([1., 1., 1., 1.])]]
w2: [[0.09878647]
 [0.0745289 ]
 [0.0577452 ]
 [0.07121508]
 [0.04159857]
 [0.09269921]
 [0.07892961]
 [0.06972035]
 [0.01708478]
 [0.07709991]
 [0.07738268]
 [0.08658667]]
b2: [-0.55381858]
RMSE: 0.608261869427
MAE: 0.456465775727

------------------------------------------------------
_sliding=2_posNumber=0.15_stiLevel=0.5_disLevel=0.55_epoch=800_batchSize=128_learningRate=0.05Time cluster: 14.648 seconds
Time train: 146.488 seconds
Time model: 189.909 seconds
List clusters: [[0, array([0., 0., 0., 0.])], [11015, array([0.02411135, 0.02431083, 0.01103894, 0.01086971])], [103, array([0.34742185, 0.34472144, 0.21660385, 0.21172362])], [0, array([0.67371092, 0.42586828, 0.60830193, 0.26995279])], [1, array([1.        , 0.50701512, 1.        , 0.32818196])], [0, array([0.71177617, 0.58968792, 0.67908191, 0.46702188])], [0, array([0.42355234, 0.67236072, 0.35816383, 0.60586181])], [0, array([0.58669688, 0.71293414, 0.55401286, 0.63497639])], [0, array([0.74984142, 0.75350756, 0.7498619 , 0.66409098])], [1, array([0.49968284, 1.        , 0.4997238 , 1.        ])], [0, array([0.74984142, 1.        , 0.7498619 , 1.        ])], [0, array([1., 1., 1., 1.])]]
w2: [[ 0.06069168]
 [ 0.05387551]
 [-0.0879645 ]
 [-0.03019033]
 [-0.05531265]
 [-0.01323977]
 [-0.05257435]
 [-0.02619054]
 [-0.04158942]
 [ 0.00441866]
 [ 0.00660199]
 [-0.05532447]]
b2: [0.27734717]
RMSE: 0.463653423305
MAE: 0.30569235276

------------------------------------------------------
_sliding=2_posNumber=0.15_stiLevel=0.5_disLevel=0.55_epoch=800_batchSize=128_learningRate=0.1Time cluster: 16.13 seconds
Time train: 158.956 seconds
Time model: 202.557 seconds
List clusters: [[0, array([0., 0., 0., 0.])], [11015, array([0.02411135, 0.02431083, 0.01103894, 0.01086971])], [103, array([0.34742185, 0.34472144, 0.21660385, 0.21172362])], [0, array([0.67371092, 0.42586828, 0.60830193, 0.26995279])], [1, array([1.        , 0.50701512, 1.        , 0.32818196])], [0, array([0.71177617, 0.58968792, 0.67908191, 0.46702188])], [0, array([0.42355234, 0.67236072, 0.35816383, 0.60586181])], [0, array([0.58669688, 0.71293414, 0.55401286, 0.63497639])], [0, array([0.74984142, 0.75350756, 0.7498619 , 0.66409098])], [1, array([0.49968284, 1.        , 0.4997238 , 1.        ])], [0, array([0.74984142, 1.        , 0.7498619 , 1.        ])], [0, array([1., 1., 1., 1.])]]
w2: [[ 0.1188141 ]
 [ 0.14717   ]
 [-0.0422262 ]
 [-0.04787675]
 [ 0.07053183]
 [ 0.01932111]
 [-0.05116449]
 [ 0.00259252]
 [-0.01662199]
 [ 0.03039437]
 [ 0.02924275]
 [ 0.03262732]]
b2: [-0.05399519]
RMSE: 0.474794105186
MAE: 0.299220415331

------------------------------------------------------
_sliding=2_posNumber=0.15_stiLevel=0.5_disLevel=0.55_epoch=800_batchSize=128_learningRate=0.2Time cluster: 17.95 seconds
Time train: 153.011 seconds
Time model: 195.641 seconds
List clusters: [[0, array([0., 0., 0., 0.])], [11015, array([0.02411135, 0.02431083, 0.01103894, 0.01086971])], [103, array([0.34742185, 0.34472144, 0.21660385, 0.21172362])], [0, array([0.67371092, 0.42586828, 0.60830193, 0.26995279])], [1, array([1.        , 0.50701512, 1.        , 0.32818196])], [0, array([0.71177617, 0.58968792, 0.67908191, 0.46702188])], [0, array([0.42355234, 0.67236072, 0.35816383, 0.60586181])], [0, array([0.58669688, 0.71293414, 0.55401286, 0.63497639])], [0, array([0.74984142, 0.75350756, 0.7498619 , 0.66409098])], [1, array([0.49968284, 1.        , 0.4997238 , 1.        ])], [0, array([0.74984142, 1.        , 0.7498619 , 1.        ])], [0, array([1., 1., 1., 1.])]]
w2: [[-0.01623163]
 [ 0.04626814]
 [-0.03781885]
 [-0.06512797]
 [-0.0078759 ]
 [-0.13173245]
 [-0.12301046]
 [-0.18054562]
 [-0.06834304]
 [-0.11060554]
 [-0.04605645]
 [ 0.0095527 ]]
b2: [0.63771187]
RMSE: 0.451328969648
MAE: 0.285348068648

------------------------------------------------------
_sliding=2_posNumber=0.15_stiLevel=0.5_disLevel=0.55_epoch=800_batchSize=128_learningRate=0.3Time cluster: 16.93 seconds
Time train: 151.993 seconds
Time model: 191.951 seconds
List clusters: [[0, array([0., 0., 0., 0.])], [11015, array([0.02411135, 0.02431083, 0.01103894, 0.01086971])], [103, array([0.34742185, 0.34472144, 0.21660385, 0.21172362])], [0, array([0.67371092, 0.42586828, 0.60830193, 0.26995279])], [1, array([1.        , 0.50701512, 1.        , 0.32818196])], [0, array([0.71177617, 0.58968792, 0.67908191, 0.46702188])], [0, array([0.42355234, 0.67236072, 0.35816383, 0.60586181])], [0, array([0.58669688, 0.71293414, 0.55401286, 0.63497639])], [0, array([0.74984142, 0.75350756, 0.7498619 , 0.66409098])], [1, array([0.49968284, 1.        , 0.4997238 , 1.        ])], [0, array([0.74984142, 1.        , 0.7498619 , 1.        ])], [0, array([1., 1., 1., 1.])]]
w2: [[ 0.0657793 ]
 [ 0.02865895]
 [ 0.00950573]
 [-0.04056917]
 [-0.02733625]
 [-0.0648539 ]
 [-0.19483091]
 [-0.1445028 ]
 [-0.03590869]
 [-0.06089498]
 [-0.03545284]
 [-0.03618628]]
b2: [0.53986104]
RMSE: 0.449704635488
MAE: 0.285138153618

------------------------------------------------------
_sliding=2_posNumber=0.15_stiLevel=0.5_disLevel=0.55_epoch=800_batchSize=256_learningRate=0.01Time cluster: 13.3 seconds
Time train: 94.964 seconds
Time model: 134.835 seconds
List clusters: [[0, array([0., 0., 0., 0.])], [11015, array([0.02411135, 0.02431083, 0.01103894, 0.01086971])], [103, array([0.34742185, 0.34472144, 0.21660385, 0.21172362])], [0, array([0.67371092, 0.42586828, 0.60830193, 0.26995279])], [1, array([1.        , 0.50701512, 1.        , 0.32818196])], [0, array([0.71177617, 0.58968792, 0.67908191, 0.46702188])], [0, array([0.42355234, 0.67236072, 0.35816383, 0.60586181])], [0, array([0.58669688, 0.71293414, 0.55401286, 0.63497639])], [0, array([0.74984142, 0.75350756, 0.7498619 , 0.66409098])], [1, array([0.49968284, 1.        , 0.4997238 , 1.        ])], [0, array([0.74984142, 1.        , 0.7498619 , 1.        ])], [0, array([1., 1., 1., 1.])]]
w2: [[-0.02044542]
 [-0.02295435]
 [ 0.00675724]
 [-0.08397738]
 [-0.02725405]
 [-0.04248433]
 [-0.04310874]
 [-0.04983938]
 [-0.08207   ]
 [-0.06339482]
 [-0.07834692]
 [-0.0834758 ]]
b2: [0.49250498]
RMSE: 0.512959327259
MAE: 0.377597513922

------------------------------------------------------
_sliding=2_posNumber=0.15_stiLevel=0.5_disLevel=0.55_epoch=800_batchSize=256_learningRate=0.05Time cluster: 13.312 seconds
Time train: 99.539 seconds
Time model: 137.129 seconds
List clusters: [[0, array([0., 0., 0., 0.])], [11015, array([0.02411135, 0.02431083, 0.01103894, 0.01086971])], [103, array([0.34742185, 0.34472144, 0.21660385, 0.21172362])], [0, array([0.67371092, 0.42586828, 0.60830193, 0.26995279])], [1, array([1.        , 0.50701512, 1.        , 0.32818196])], [0, array([0.71177617, 0.58968792, 0.67908191, 0.46702188])], [0, array([0.42355234, 0.67236072, 0.35816383, 0.60586181])], [0, array([0.58669688, 0.71293414, 0.55401286, 0.63497639])], [0, array([0.74984142, 0.75350756, 0.7498619 , 0.66409098])], [1, array([0.49968284, 1.        , 0.4997238 , 1.        ])], [0, array([0.74984142, 1.        , 0.7498619 , 1.        ])], [0, array([1., 1., 1., 1.])]]
w2: [[ 0.0627768 ]
 [ 0.02153984]
 [-0.08314346]
 [-0.06265898]
 [-0.02395854]
 [-0.04892694]
 [-0.02149603]
 [ 0.00045444]
 [-0.05986878]
 [-0.04126182]
 [-0.03917533]
 [-0.06991444]]
b2: [0.37037861]
RMSE: 0.463564497339
MAE: 0.309548871464

------------------------------------------------------
_sliding=2_posNumber=0.15_stiLevel=0.5_disLevel=0.55_epoch=800_batchSize=256_learningRate=0.1Time cluster: 13.568 seconds
Time train: 93.175 seconds
Time model: 136.01 seconds
List clusters: [[0, array([0., 0., 0., 0.])], [11015, array([0.02411135, 0.02431083, 0.01103894, 0.01086971])], [103, array([0.34742185, 0.34472144, 0.21660385, 0.21172362])], [0, array([0.67371092, 0.42586828, 0.60830193, 0.26995279])], [1, array([1.        , 0.50701512, 1.        , 0.32818196])], [0, array([0.71177617, 0.58968792, 0.67908191, 0.46702188])], [0, array([0.42355234, 0.67236072, 0.35816383, 0.60586181])], [0, array([0.58669688, 0.71293414, 0.55401286, 0.63497639])], [0, array([0.74984142, 0.75350756, 0.7498619 , 0.66409098])], [1, array([0.49968284, 1.        , 0.4997238 , 1.        ])], [0, array([0.74984142, 1.        , 0.7498619 , 1.        ])], [0, array([1., 1., 1., 1.])]]
w2: [[ 0.17824161]
 [ 0.1104183 ]
 [-0.05195381]
 [ 0.06356464]
 [ 0.04330897]
 [ 0.01312278]
 [-0.03975645]
 [ 0.04217036]
 [ 0.04584212]
 [ 0.05248605]
 [ 0.1479823 ]
 [ 0.07323123]]
b2: [-0.37408595]
RMSE: 0.478055804994
MAE: 0.317534561859

------------------------------------------------------
_sliding=2_posNumber=0.15_stiLevel=0.5_disLevel=0.55_epoch=800_batchSize=256_learningRate=0.2Time cluster: 21.404 seconds
Time train: 99.137 seconds
Time model: 141.924 seconds
List clusters: [[0, array([0., 0., 0., 0.])], [11015, array([0.02411135, 0.02431083, 0.01103894, 0.01086971])], [103, array([0.34742185, 0.34472144, 0.21660385, 0.21172362])], [0, array([0.67371092, 0.42586828, 0.60830193, 0.26995279])], [1, array([1.        , 0.50701512, 1.        , 0.32818196])], [0, array([0.71177617, 0.58968792, 0.67908191, 0.46702188])], [0, array([0.42355234, 0.67236072, 0.35816383, 0.60586181])], [0, array([0.58669688, 0.71293414, 0.55401286, 0.63497639])], [0, array([0.74984142, 0.75350756, 0.7498619 , 0.66409098])], [1, array([0.49968284, 1.        , 0.4997238 , 1.        ])], [0, array([0.74984142, 1.        , 0.7498619 , 1.        ])], [0, array([1., 1., 1., 1.])]]
w2: [[ 0.07627399]
 [ 0.09772111]
 [-0.03815362]
 [ 0.00377431]
 [ 0.04081877]
 [-0.10260831]
 [-0.12642451]
 [-0.05688578]
 [-0.0428403 ]
 [-0.06986249]
 [-0.0060429 ]
 [ 0.0760216 ]]
b2: [0.25003958]
RMSE: 0.459728068063
MAE: 0.286466985586

------------------------------------------------------
_sliding=2_posNumber=0.15_stiLevel=0.5_disLevel=0.55_epoch=800_batchSize=256_learningRate=0.3Time cluster: 18.635 seconds
Time train: 92.751 seconds
Time model: 145.936 seconds
List clusters: [[0, array([0., 0., 0., 0.])], [11015, array([0.02411135, 0.02431083, 0.01103894, 0.01086971])], [103, array([0.34742185, 0.34472144, 0.21660385, 0.21172362])], [0, array([0.67371092, 0.42586828, 0.60830193, 0.26995279])], [1, array([1.        , 0.50701512, 1.        , 0.32818196])], [0, array([0.71177617, 0.58968792, 0.67908191, 0.46702188])], [0, array([0.42355234, 0.67236072, 0.35816383, 0.60586181])], [0, array([0.58669688, 0.71293414, 0.55401286, 0.63497639])], [0, array([0.74984142, 0.75350756, 0.7498619 , 0.66409098])], [1, array([0.49968284, 1.        , 0.4997238 , 1.        ])], [0, array([0.74984142, 1.        , 0.7498619 , 1.        ])], [0, array([1., 1., 1., 1.])]]
w2: [[ 0.02612232]
 [ 0.06888083]
 [-0.00325025]
 [-0.11693705]
 [-0.03254564]
 [-0.10750484]
 [-0.05831721]
 [-0.14335467]
 [-0.03392856]
 [-0.13551455]
 [-0.02533564]
 [-0.0269604 ]]
b2: [0.58688978]
RMSE: 0.456497033699
MAE: 0.285477456623

------------------------------------------------------
_sliding=2_posNumber=0.15_stiLevel=0.5_disLevel=0.55_epoch=1200_batchSize=8_learningRate=0.01Time cluster: 17.832 seconds
Time train: 2176.944 seconds
Time model: 2226.17 seconds
List clusters: [[0, array([0., 0., 0., 0.])], [11015, array([0.02411135, 0.02431083, 0.01103894, 0.01086971])], [103, array([0.34742185, 0.34472144, 0.21660385, 0.21172362])], [0, array([0.67371092, 0.42586828, 0.60830193, 0.26995279])], [1, array([1.        , 0.50701512, 1.        , 0.32818196])], [0, array([0.71177617, 0.58968792, 0.67908191, 0.46702188])], [0, array([0.42355234, 0.67236072, 0.35816383, 0.60586181])], [0, array([0.58669688, 0.71293414, 0.55401286, 0.63497639])], [0, array([0.74984142, 0.75350756, 0.7498619 , 0.66409098])], [1, array([0.49968284, 1.        , 0.4997238 , 1.        ])], [0, array([0.74984142, 1.        , 0.7498619 , 1.        ])], [0, array([1., 1., 1., 1.])]]
w2: [[0.46944521]
 [0.26898748]
 [0.25022099]
 [0.20095133]
 [0.26432091]
 [0.27763502]
 [0.24809384]
 [0.24320624]
 [0.28226291]
 [0.25498916]
 [0.34806961]
 [0.28379988]]
b2: [-2.24096496]
RMSE: 0.691365445092
MAE: 0.483199728973

------------------------------------------------------
_sliding=2_posNumber=0.15_stiLevel=0.5_disLevel=0.55_epoch=1200_batchSize=8_learningRate=0.05Time cluster: 15.782 seconds
Time train: 2198.507 seconds
Time model: 2241.149 seconds
List clusters: [[0, array([0., 0., 0., 0.])], [11015, array([0.02411135, 0.02431083, 0.01103894, 0.01086971])], [103, array([0.34742185, 0.34472144, 0.21660385, 0.21172362])], [0, array([0.67371092, 0.42586828, 0.60830193, 0.26995279])], [1, array([1.        , 0.50701512, 1.        , 0.32818196])], [0, array([0.71177617, 0.58968792, 0.67908191, 0.46702188])], [0, array([0.42355234, 0.67236072, 0.35816383, 0.60586181])], [0, array([0.58669688, 0.71293414, 0.55401286, 0.63497639])], [0, array([0.74984142, 0.75350756, 0.7498619 , 0.66409098])], [1, array([0.49968284, 1.        , 0.4997238 , 1.        ])], [0, array([0.74984142, 1.        , 0.7498619 , 1.        ])], [0, array([1., 1., 1., 1.])]]
w2: [[ 0.31123811]
 [ 0.02265976]
 [-0.03993179]
 [ 0.02309445]
 [ 0.11910222]
 [ 0.01090159]
 [-0.04987274]
 [ 0.02022136]
 [ 0.03237329]
 [ 0.14549496]
 [ 0.17260971]
 [ 0.19303262]]
b2: [-0.60441957]
RMSE: 0.462863568881
MAE: 0.29654227665

------------------------------------------------------
_sliding=2_posNumber=0.15_stiLevel=0.5_disLevel=0.55_epoch=1200_batchSize=8_learningRate=0.1Time cluster: 11.564 seconds
Time train: 2236.674 seconds
Time model: 2274.47 seconds
List clusters: [[0, array([0., 0., 0., 0.])], [11015, array([0.02411135, 0.02431083, 0.01103894, 0.01086971])], [103, array([0.34742185, 0.34472144, 0.21660385, 0.21172362])], [0, array([0.67371092, 0.42586828, 0.60830193, 0.26995279])], [1, array([1.        , 0.50701512, 1.        , 0.32818196])], [0, array([0.71177617, 0.58968792, 0.67908191, 0.46702188])], [0, array([0.42355234, 0.67236072, 0.35816383, 0.60586181])], [0, array([0.58669688, 0.71293414, 0.55401286, 0.63497639])], [0, array([0.74984142, 0.75350756, 0.7498619 , 0.66409098])], [1, array([0.49968284, 1.        , 0.4997238 , 1.        ])], [0, array([0.74984142, 1.        , 0.7498619 , 1.        ])], [0, array([1., 1., 1., 1.])]]
w2: [[ 0.19686352]
 [-0.01194967]
 [-0.19631813]
 [-0.00304991]
 [ 0.20957722]
 [ 0.01619939]
 [-0.1591902 ]
 [-0.03355756]
 [ 0.10375993]
 [ 0.1762328 ]
 [ 0.2356176 ]
 [ 0.24058504]]
b2: [-0.65608055]
RMSE: 0.458182548281
MAE: 0.293119900596

------------------------------------------------------
_sliding=2_posNumber=0.15_stiLevel=0.5_disLevel=0.55_epoch=1200_batchSize=8_learningRate=0.2Time cluster: 17.721 seconds
Time train: 2210.434 seconds
Time model: 2255.926 seconds
List clusters: [[0, array([0., 0., 0., 0.])], [11015, array([0.02411135, 0.02431083, 0.01103894, 0.01086971])], [103, array([0.34742185, 0.34472144, 0.21660385, 0.21172362])], [0, array([0.67371092, 0.42586828, 0.60830193, 0.26995279])], [1, array([1.        , 0.50701512, 1.        , 0.32818196])], [0, array([0.71177617, 0.58968792, 0.67908191, 0.46702188])], [0, array([0.42355234, 0.67236072, 0.35816383, 0.60586181])], [0, array([0.58669688, 0.71293414, 0.55401286, 0.63497639])], [0, array([0.74984142, 0.75350756, 0.7498619 , 0.66409098])], [1, array([0.49968284, 1.        , 0.4997238 , 1.        ])], [0, array([0.74984142, 1.        , 0.7498619 , 1.        ])], [0, array([1., 1., 1., 1.])]]
w2: [[-0.11976362]
 [-0.01931305]
 [-0.13002843]
 [-0.03600994]
 [ 0.04446309]
 [-0.13454158]
 [-0.38719795]
 [-0.19548561]
 [-0.06306799]
 [-0.0927657 ]
 [ 0.03325707]
 [ 0.12433149]]
b2: [0.6314778]
RMSE: 0.44067641149
MAE: 0.278007292315

------------------------------------------------------
_sliding=2_posNumber=0.15_stiLevel=0.5_disLevel=0.55_epoch=1200_batchSize=8_learningRate=0.3Time cluster: 14.768 seconds
Time train: 2204.969 seconds
Time model: 2242.375 seconds
List clusters: [[0, array([0., 0., 0., 0.])], [11015, array([0.02411135, 0.02431083, 0.01103894, 0.01086971])], [103, array([0.34742185, 0.34472144, 0.21660385, 0.21172362])], [0, array([0.67371092, 0.42586828, 0.60830193, 0.26995279])], [1, array([1.        , 0.50701512, 1.        , 0.32818196])], [0, array([0.71177617, 0.58968792, 0.67908191, 0.46702188])], [0, array([0.42355234, 0.67236072, 0.35816383, 0.60586181])], [0, array([0.58669688, 0.71293414, 0.55401286, 0.63497639])], [0, array([0.74984142, 0.75350756, 0.7498619 , 0.66409098])], [1, array([0.49968284, 1.        , 0.4997238 , 1.        ])], [0, array([0.74984142, 1.        , 0.7498619 , 1.        ])], [0, array([1., 1., 1., 1.])]]
w2: [[-0.13393319]
 [-0.01968527]
 [-0.0209323 ]
 [-0.0660412 ]
 [ 0.05322367]
 [-0.14514384]
 [-0.44117032]
 [-0.2715059 ]
 [-0.11864682]
 [-0.1207535 ]
 [ 0.01269732]
 [ 0.04370575]]
b2: [0.87928561]
RMSE: 0.438425580964
MAE: 0.274208440811

------------------------------------------------------
_sliding=2_posNumber=0.15_stiLevel=0.5_disLevel=0.55_epoch=1200_batchSize=32_learningRate=0.01Time cluster: 14.572 seconds
Time train: 631.575 seconds
Time model: 673.155 seconds
List clusters: [[0, array([0., 0., 0., 0.])], [11015, array([0.02411135, 0.02431083, 0.01103894, 0.01086971])], [103, array([0.34742185, 0.34472144, 0.21660385, 0.21172362])], [0, array([0.67371092, 0.42586828, 0.60830193, 0.26995279])], [1, array([1.        , 0.50701512, 1.        , 0.32818196])], [0, array([0.71177617, 0.58968792, 0.67908191, 0.46702188])], [0, array([0.42355234, 0.67236072, 0.35816383, 0.60586181])], [0, array([0.58669688, 0.71293414, 0.55401286, 0.63497639])], [0, array([0.74984142, 0.75350756, 0.7498619 , 0.66409098])], [1, array([0.49968284, 1.        , 0.4997238 , 1.        ])], [0, array([0.74984142, 1.        , 0.7498619 , 1.        ])], [0, array([1., 1., 1., 1.])]]
w2: [[-0.16508285]
 [-0.12169651]
 [-0.11757763]
 [-0.20415994]
 [-0.21970832]
 [-0.20938535]
 [-0.16010661]
 [-0.22073006]
 [-0.19992461]
 [-0.21223791]
 [-0.18925265]
 [-0.24111028]]
b2: [1.69660016]
RMSE: 0.457826817566
MAE: 0.303955747081

------------------------------------------------------
_sliding=2_posNumber=0.15_stiLevel=0.5_disLevel=0.55_epoch=1200_batchSize=32_learningRate=0.05Time cluster: 17.066 seconds
Time train: 635.247 seconds
Time model: 679.823 seconds
List clusters: [[0, array([0., 0., 0., 0.])], [11015, array([0.02411135, 0.02431083, 0.01103894, 0.01086971])], [103, array([0.34742185, 0.34472144, 0.21660385, 0.21172362])], [0, array([0.67371092, 0.42586828, 0.60830193, 0.26995279])], [1, array([1.        , 0.50701512, 1.        , 0.32818196])], [0, array([0.71177617, 0.58968792, 0.67908191, 0.46702188])], [0, array([0.42355234, 0.67236072, 0.35816383, 0.60586181])], [0, array([0.58669688, 0.71293414, 0.55401286, 0.63497639])], [0, array([0.74984142, 0.75350756, 0.7498619 , 0.66409098])], [1, array([0.49968284, 1.        , 0.4997238 , 1.        ])], [0, array([0.74984142, 1.        , 0.7498619 , 1.        ])], [0, array([1., 1., 1., 1.])]]
w2: [[ 0.11788092]
 [ 0.11129694]
 [-0.06984023]
 [-0.06284898]
 [-0.00856153]
 [ 0.08297689]
 [-0.03569439]
 [-0.03221384]
 [ 0.07370903]
 [ 0.03103238]
 [ 0.01397456]
 [ 0.04203064]]
b2: [-0.06807158]
RMSE: 0.470487588853
MAE: 0.304213595519

------------------------------------------------------
_sliding=2_posNumber=0.15_stiLevel=0.5_disLevel=0.55_epoch=1200_batchSize=32_learningRate=0.1Time cluster: 17.947 seconds
Time train: 625.556 seconds
Time model: 665.246 seconds
List clusters: [[0, array([0., 0., 0., 0.])], [11015, array([0.02411135, 0.02431083, 0.01103894, 0.01086971])], [103, array([0.34742185, 0.34472144, 0.21660385, 0.21172362])], [0, array([0.67371092, 0.42586828, 0.60830193, 0.26995279])], [1, array([1.        , 0.50701512, 1.        , 0.32818196])], [0, array([0.71177617, 0.58968792, 0.67908191, 0.46702188])], [0, array([0.42355234, 0.67236072, 0.35816383, 0.60586181])], [0, array([0.58669688, 0.71293414, 0.55401286, 0.63497639])], [0, array([0.74984142, 0.75350756, 0.7498619 , 0.66409098])], [1, array([0.49968284, 1.        , 0.4997238 , 1.        ])], [0, array([0.74984142, 1.        , 0.7498619 , 1.        ])], [0, array([1., 1., 1., 1.])]]
w2: [[ 0.0404473 ]
 [-0.02096956]
 [-0.06591892]
 [-0.04456404]
 [ 0.00059943]
 [-0.09824502]
 [-0.14774089]
 [-0.14711052]
 [-0.05761805]
 [-0.08843604]
 [ 0.03156467]
 [-0.00347639]]
b2: [0.50038967]
RMSE: 0.450296359885
MAE: 0.291707537593

------------------------------------------------------
_sliding=2_posNumber=0.15_stiLevel=0.5_disLevel=0.55_epoch=1200_batchSize=32_learningRate=0.2Time cluster: 14.205 seconds
Time train: 628.578 seconds
Time model: 667.925 seconds
List clusters: [[0, array([0., 0., 0., 0.])], [11015, array([0.02411135, 0.02431083, 0.01103894, 0.01086971])], [103, array([0.34742185, 0.34472144, 0.21660385, 0.21172362])], [0, array([0.67371092, 0.42586828, 0.60830193, 0.26995279])], [1, array([1.        , 0.50701512, 1.        , 0.32818196])], [0, array([0.71177617, 0.58968792, 0.67908191, 0.46702188])], [0, array([0.42355234, 0.67236072, 0.35816383, 0.60586181])], [0, array([0.58669688, 0.71293414, 0.55401286, 0.63497639])], [0, array([0.74984142, 0.75350756, 0.7498619 , 0.66409098])], [1, array([0.49968284, 1.        , 0.4997238 , 1.        ])], [0, array([0.74984142, 1.        , 0.7498619 , 1.        ])], [0, array([1., 1., 1., 1.])]]
w2: [[-0.08727618]
 [-0.07339149]
 [-0.11894608]
 [-0.05926973]
 [-0.08124003]
 [-0.13381781]
 [-0.22234992]
 [-0.17573617]
 [-0.12676177]
 [-0.14997954]
 [-0.09492567]
 [-0.08996353]]
b2: [1.04852914]
RMSE: 0.446455373908
MAE: 0.290050948595

------------------------------------------------------
_sliding=2_posNumber=0.15_stiLevel=0.5_disLevel=0.55_epoch=1200_batchSize=32_learningRate=0.3Time cluster: 16.786 seconds
Time train: 626.112 seconds
Time model: 667.2 seconds
List clusters: [[0, array([0., 0., 0., 0.])], [11015, array([0.02411135, 0.02431083, 0.01103894, 0.01086971])], [103, array([0.34742185, 0.34472144, 0.21660385, 0.21172362])], [0, array([0.67371092, 0.42586828, 0.60830193, 0.26995279])], [1, array([1.        , 0.50701512, 1.        , 0.32818196])], [0, array([0.71177617, 0.58968792, 0.67908191, 0.46702188])], [0, array([0.42355234, 0.67236072, 0.35816383, 0.60586181])], [0, array([0.58669688, 0.71293414, 0.55401286, 0.63497639])], [0, array([0.74984142, 0.75350756, 0.7498619 , 0.66409098])], [1, array([0.49968284, 1.        , 0.4997238 , 1.        ])], [0, array([0.74984142, 1.        , 0.7498619 , 1.        ])], [0, array([1., 1., 1., 1.])]]
w2: [[-0.08054572]
 [-0.0672881 ]
 [-0.1076314 ]
 [-0.09190599]
 [-0.03778257]
 [-0.14042848]
 [-0.29509998]
 [-0.15668182]
 [-0.03848492]
 [-0.11995494]
 [-0.04037618]
 [-0.05000708]]
b2: [0.87818336]
RMSE: 0.445945339618
MAE: 0.289194134003

------------------------------------------------------
_sliding=2_posNumber=0.15_stiLevel=0.5_disLevel=0.55_epoch=1200_batchSize=64_learningRate=0.01Time cluster: 15.736 seconds
Time train: 365.497 seconds
Time model: 412.334 seconds
List clusters: [[0, array([0., 0., 0., 0.])], [11015, array([0.02411135, 0.02431083, 0.01103894, 0.01086971])], [103, array([0.34742185, 0.34472144, 0.21660385, 0.21172362])], [0, array([0.67371092, 0.42586828, 0.60830193, 0.26995279])], [1, array([1.        , 0.50701512, 1.        , 0.32818196])], [0, array([0.71177617, 0.58968792, 0.67908191, 0.46702188])], [0, array([0.42355234, 0.67236072, 0.35816383, 0.60586181])], [0, array([0.58669688, 0.71293414, 0.55401286, 0.63497639])], [0, array([0.74984142, 0.75350756, 0.7498619 , 0.66409098])], [1, array([0.49968284, 1.        , 0.4997238 , 1.        ])], [0, array([0.74984142, 1.        , 0.7498619 , 1.        ])], [0, array([1., 1., 1., 1.])]]
w2: [[0.08881539]
 [0.06094931]
 [0.01608117]
 [0.03045595]
 [0.00354118]
 [0.0484793 ]
 [0.04714329]
 [0.04656627]
 [0.0038898 ]
 [0.07161802]
 [0.0781303 ]
 [0.04293801]]
b2: [-0.32843705]
RMSE: 0.541355657101
MAE: 0.382534021937

------------------------------------------------------
_sliding=2_posNumber=0.15_stiLevel=0.5_disLevel=0.55_epoch=1200_batchSize=64_learningRate=0.05Time cluster: 16.655 seconds
Time train: 371.617 seconds
Time model: 419.045 seconds
List clusters: [[0, array([0., 0., 0., 0.])], [11015, array([0.02411135, 0.02431083, 0.01103894, 0.01086971])], [103, array([0.34742185, 0.34472144, 0.21660385, 0.21172362])], [0, array([0.67371092, 0.42586828, 0.60830193, 0.26995279])], [1, array([1.        , 0.50701512, 1.        , 0.32818196])], [0, array([0.71177617, 0.58968792, 0.67908191, 0.46702188])], [0, array([0.42355234, 0.67236072, 0.35816383, 0.60586181])], [0, array([0.58669688, 0.71293414, 0.55401286, 0.63497639])], [0, array([0.74984142, 0.75350756, 0.7498619 , 0.66409098])], [1, array([0.49968284, 1.        , 0.4997238 , 1.        ])], [0, array([0.74984142, 1.        , 0.7498619 , 1.        ])], [0, array([1., 1., 1., 1.])]]
w2: [[ 0.13363425]
 [ 0.14936191]
 [-0.0016497 ]
 [-0.06016088]
 [ 0.03988914]
 [ 0.03464771]
 [-0.03769476]
 [ 0.00610443]
 [ 0.00659988]
 [ 0.03022168]
 [ 0.02614212]
 [-0.01561589]]
b2: [-0.03476369]
RMSE: 0.47792542501
MAE: 0.304471550252

------------------------------------------------------
_sliding=2_posNumber=0.15_stiLevel=0.5_disLevel=0.55_epoch=1200_batchSize=64_learningRate=0.1Time cluster: 13.119 seconds
Time train: 375.893 seconds
Time model: 419.52 seconds
List clusters: [[0, array([0., 0., 0., 0.])], [11015, array([0.02411135, 0.02431083, 0.01103894, 0.01086971])], [103, array([0.34742185, 0.34472144, 0.21660385, 0.21172362])], [0, array([0.67371092, 0.42586828, 0.60830193, 0.26995279])], [1, array([1.        , 0.50701512, 1.        , 0.32818196])], [0, array([0.71177617, 0.58968792, 0.67908191, 0.46702188])], [0, array([0.42355234, 0.67236072, 0.35816383, 0.60586181])], [0, array([0.58669688, 0.71293414, 0.55401286, 0.63497639])], [0, array([0.74984142, 0.75350756, 0.7498619 , 0.66409098])], [1, array([0.49968284, 1.        , 0.4997238 , 1.        ])], [0, array([0.74984142, 1.        , 0.7498619 , 1.        ])], [0, array([1., 1., 1., 1.])]]
w2: [[ 0.12293773]
 [ 0.11011279]
 [-0.05557578]
 [-0.0250041 ]
 [ 0.11185966]
 [ 0.02405978]
 [-0.14613999]
 [ 0.00230717]
 [ 0.02393124]
 [ 0.01649474]
 [ 0.02806867]
 [ 0.14024244]]
b2: [-0.15777481]
RMSE: 0.465057015305
MAE: 0.297001559314

------------------------------------------------------
_sliding=2_posNumber=0.15_stiLevel=0.5_disLevel=0.55_epoch=1200_batchSize=64_learningRate=0.2Time cluster: 14.51 seconds
Time train: 367.139 seconds
Time model: 408.803 seconds
List clusters: [[0, array([0., 0., 0., 0.])], [11015, array([0.02411135, 0.02431083, 0.01103894, 0.01086971])], [103, array([0.34742185, 0.34472144, 0.21660385, 0.21172362])], [0, array([0.67371092, 0.42586828, 0.60830193, 0.26995279])], [1, array([1.        , 0.50701512, 1.        , 0.32818196])], [0, array([0.71177617, 0.58968792, 0.67908191, 0.46702188])], [0, array([0.42355234, 0.67236072, 0.35816383, 0.60586181])], [0, array([0.58669688, 0.71293414, 0.55401286, 0.63497639])], [0, array([0.74984142, 0.75350756, 0.7498619 , 0.66409098])], [1, array([0.49968284, 1.        , 0.4997238 , 1.        ])], [0, array([0.74984142, 1.        , 0.7498619 , 1.        ])], [0, array([1., 1., 1., 1.])]]
w2: [[ 0.15514604]
 [ 0.07825137]
 [-0.056597  ]
 [-0.03326078]
 [ 0.1034412 ]
 [ 0.0126775 ]
 [-0.13712773]
 [-0.05277986]
 [ 0.00907418]
 [ 0.09141318]
 [ 0.1389199 ]
 [ 0.15582016]]
b2: [-0.26965624]
RMSE: 0.460918699283
MAE: 0.291318699459

------------------------------------------------------
_sliding=2_posNumber=0.15_stiLevel=0.5_disLevel=0.55_epoch=1200_batchSize=64_learningRate=0.3Time cluster: 22.53 seconds
Time train: 377.996 seconds
Time model: 428.156 seconds
List clusters: [[0, array([0., 0., 0., 0.])], [11015, array([0.02411135, 0.02431083, 0.01103894, 0.01086971])], [103, array([0.34742185, 0.34472144, 0.21660385, 0.21172362])], [0, array([0.67371092, 0.42586828, 0.60830193, 0.26995279])], [1, array([1.        , 0.50701512, 1.        , 0.32818196])], [0, array([0.71177617, 0.58968792, 0.67908191, 0.46702188])], [0, array([0.42355234, 0.67236072, 0.35816383, 0.60586181])], [0, array([0.58669688, 0.71293414, 0.55401286, 0.63497639])], [0, array([0.74984142, 0.75350756, 0.7498619 , 0.66409098])], [1, array([0.49968284, 1.        , 0.4997238 , 1.        ])], [0, array([0.74984142, 1.        , 0.7498619 , 1.        ])], [0, array([1., 1., 1., 1.])]]
w2: [[ 0.04817785]
 [-0.01182134]
 [-0.05459919]
 [-0.03961164]
 [ 0.07776813]
 [-0.15697045]
 [-0.25537394]
 [-0.12292454]
 [-0.00719748]
 [ 0.00936501]
 [ 0.06543467]
 [ 0.05514637]]
b2: [0.3100696]
RMSE: 0.448142766278
MAE: 0.286243673973

------------------------------------------------------
_sliding=2_posNumber=0.15_stiLevel=0.5_disLevel=0.55_epoch=1200_batchSize=128_learningRate=0.01Time cluster: 15.593 seconds
Time train: 235.143 seconds
Time model: 285.496 seconds
List clusters: [[0, array([0., 0., 0., 0.])], [11015, array([0.02411135, 0.02431083, 0.01103894, 0.01086971])], [103, array([0.34742185, 0.34472144, 0.21660385, 0.21172362])], [0, array([0.67371092, 0.42586828, 0.60830193, 0.26995279])], [1, array([1.        , 0.50701512, 1.        , 0.32818196])], [0, array([0.71177617, 0.58968792, 0.67908191, 0.46702188])], [0, array([0.42355234, 0.67236072, 0.35816383, 0.60586181])], [0, array([0.58669688, 0.71293414, 0.55401286, 0.63497639])], [0, array([0.74984142, 0.75350756, 0.7498619 , 0.66409098])], [1, array([0.49968284, 1.        , 0.4997238 , 1.        ])], [0, array([0.74984142, 1.        , 0.7498619 , 1.        ])], [0, array([1., 1., 1., 1.])]]
w2: [[0.09353147]
 [0.04071463]
 [0.1640963 ]
 [0.1219171 ]
 [0.09702886]
 [0.13637979]
 [0.06907124]
 [0.14360348]
 [0.1424777 ]
 [0.1025273 ]
 [0.11629725]
 [0.1413314 ]]
b2: [-1.00967212]
RMSE: 0.77039408025
MAE: 0.606828619965

------------------------------------------------------
_sliding=2_posNumber=0.15_stiLevel=0.5_disLevel=0.55_epoch=1200_batchSize=128_learningRate=0.05Time cluster: 20.977 seconds
Time train: 234.722 seconds
Time model: 283.599 seconds
List clusters: [[0, array([0., 0., 0., 0.])], [11015, array([0.02411135, 0.02431083, 0.01103894, 0.01086971])], [103, array([0.34742185, 0.34472144, 0.21660385, 0.21172362])], [0, array([0.67371092, 0.42586828, 0.60830193, 0.26995279])], [1, array([1.        , 0.50701512, 1.        , 0.32818196])], [0, array([0.71177617, 0.58968792, 0.67908191, 0.46702188])], [0, array([0.42355234, 0.67236072, 0.35816383, 0.60586181])], [0, array([0.58669688, 0.71293414, 0.55401286, 0.63497639])], [0, array([0.74984142, 0.75350756, 0.7498619 , 0.66409098])], [1, array([0.49968284, 1.        , 0.4997238 , 1.        ])], [0, array([0.74984142, 1.        , 0.7498619 , 1.        ])], [0, array([1., 1., 1., 1.])]]
w2: [[ 0.20073278]
 [ 0.15007901]
 [-0.03137976]
 [ 0.07144255]
 [ 0.07262318]
 [ 0.09913858]
 [ 0.00654928]
 [ 0.06165887]
 [ 0.1051437 ]
 [ 0.1023798 ]
 [ 0.06539993]
 [ 0.11264993]]
b2: [-0.60098737]
RMSE: 0.50111457167
MAE: 0.341209604548

------------------------------------------------------
_sliding=2_posNumber=0.15_stiLevel=0.5_disLevel=0.55_epoch=1200_batchSize=128_learningRate=0.1Time cluster: 17.188 seconds
Time train: 231.974 seconds
Time model: 286.24 seconds
List clusters: [[0, array([0., 0., 0., 0.])], [11015, array([0.02411135, 0.02431083, 0.01103894, 0.01086971])], [103, array([0.34742185, 0.34472144, 0.21660385, 0.21172362])], [0, array([0.67371092, 0.42586828, 0.60830193, 0.26995279])], [1, array([1.        , 0.50701512, 1.        , 0.32818196])], [0, array([0.71177617, 0.58968792, 0.67908191, 0.46702188])], [0, array([0.42355234, 0.67236072, 0.35816383, 0.60586181])], [0, array([0.58669688, 0.71293414, 0.55401286, 0.63497639])], [0, array([0.74984142, 0.75350756, 0.7498619 , 0.66409098])], [1, array([0.49968284, 1.        , 0.4997238 , 1.        ])], [0, array([0.74984142, 1.        , 0.7498619 , 1.        ])], [0, array([1., 1., 1., 1.])]]
w2: [[ 0.00309495]
 [-0.01077175]
 [-0.00875397]
 [-0.08057795]
 [-0.06254568]
 [-0.10556823]
 [-0.16716388]
 [-0.1902202 ]
 [-0.11656602]
 [-0.09836723]
 [-0.06668353]
 [-0.05379525]]
b2: [0.81747605]
RMSE: 0.446778704492
MAE: 0.283582608233

------------------------------------------------------
_sliding=2_posNumber=0.15_stiLevel=0.5_disLevel=0.55_epoch=1200_batchSize=128_learningRate=0.2Time cluster: 23.42 seconds
Time train: 239.009 seconds
Time model: 292.274 seconds
List clusters: [[0, array([0., 0., 0., 0.])], [11015, array([0.02411135, 0.02431083, 0.01103894, 0.01086971])], [103, array([0.34742185, 0.34472144, 0.21660385, 0.21172362])], [0, array([0.67371092, 0.42586828, 0.60830193, 0.26995279])], [1, array([1.        , 0.50701512, 1.        , 0.32818196])], [0, array([0.71177617, 0.58968792, 0.67908191, 0.46702188])], [0, array([0.42355234, 0.67236072, 0.35816383, 0.60586181])], [0, array([0.58669688, 0.71293414, 0.55401286, 0.63497639])], [0, array([0.74984142, 0.75350756, 0.7498619 , 0.66409098])], [1, array([0.49968284, 1.        , 0.4997238 , 1.        ])], [0, array([0.74984142, 1.        , 0.7498619 , 1.        ])], [0, array([1., 1., 1., 1.])]]
w2: [[ 0.10717005]
 [ 0.10444523]
 [ 0.00571139]
 [-0.02061559]
 [ 0.03338758]
 [-0.0713396 ]
 [-0.12874705]
 [-0.08920132]
 [-0.05047239]
 [ 0.00063907]
 [ 0.07305559]
 [ 0.09443951]]
b2: [0.10572834]
RMSE: 0.462496246975
MAE: 0.289908497287

------------------------------------------------------
_sliding=2_posNumber=0.15_stiLevel=0.5_disLevel=0.55_epoch=1200_batchSize=128_learningRate=0.3Time cluster: 21.815 seconds
Time train: 228.12 seconds
Time model: 283.308 seconds
List clusters: [[0, array([0., 0., 0., 0.])], [11015, array([0.02411135, 0.02431083, 0.01103894, 0.01086971])], [103, array([0.34742185, 0.34472144, 0.21660385, 0.21172362])], [0, array([0.67371092, 0.42586828, 0.60830193, 0.26995279])], [1, array([1.        , 0.50701512, 1.        , 0.32818196])], [0, array([0.71177617, 0.58968792, 0.67908191, 0.46702188])], [0, array([0.42355234, 0.67236072, 0.35816383, 0.60586181])], [0, array([0.58669688, 0.71293414, 0.55401286, 0.63497639])], [0, array([0.74984142, 0.75350756, 0.7498619 , 0.66409098])], [1, array([0.49968284, 1.        , 0.4997238 , 1.        ])], [0, array([0.74984142, 1.        , 0.7498619 , 1.        ])], [0, array([1., 1., 1., 1.])]]
w2: [[ 0.25985124]
 [ 0.22198813]
 [ 0.0991991 ]
 [ 0.06115607]
 [ 0.14479123]
 [ 0.00458734]
 [-0.13894712]
 [-0.00292854]
 [ 0.02065712]
 [ 0.14319691]
 [ 0.12764907]
 [ 0.16621381]]
b2: [-0.55308741]
RMSE: 0.495860116045
MAE: 0.312297151783

------------------------------------------------------
_sliding=2_posNumber=0.15_stiLevel=0.5_disLevel=0.55_epoch=1200_batchSize=256_learningRate=0.01Time cluster: 16.436 seconds
Time train: 146.81 seconds
Time model: 198.767 seconds
List clusters: [[0, array([0., 0., 0., 0.])], [11015, array([0.02411135, 0.02431083, 0.01103894, 0.01086971])], [103, array([0.34742185, 0.34472144, 0.21660385, 0.21172362])], [0, array([0.67371092, 0.42586828, 0.60830193, 0.26995279])], [1, array([1.        , 0.50701512, 1.        , 0.32818196])], [0, array([0.71177617, 0.58968792, 0.67908191, 0.46702188])], [0, array([0.42355234, 0.67236072, 0.35816383, 0.60586181])], [0, array([0.58669688, 0.71293414, 0.55401286, 0.63497639])], [0, array([0.74984142, 0.75350756, 0.7498619 , 0.66409098])], [1, array([0.49968284, 1.        , 0.4997238 , 1.        ])], [0, array([0.74984142, 1.        , 0.7498619 , 1.        ])], [0, array([1., 1., 1., 1.])]]
w2: [[ 0.014152  ]
 [ 0.01387453]
 [-0.0347985 ]
 [ 0.06909222]
 [ 0.03474275]
 [-0.0274707 ]
 [ 0.03341951]
 [ 0.08986611]
 [ 0.04545338]
 [ 0.00711896]
 [ 0.00826656]
 [ 0.00657593]]
b2: [-0.19670755]
RMSE: 0.599896011868
MAE: 0.466216632084

------------------------------------------------------
_sliding=2_posNumber=0.15_stiLevel=0.5_disLevel=0.55_epoch=1200_batchSize=256_learningRate=0.05Time cluster: 17.587 seconds
Time train: 149.867 seconds
Time model: 202.4 seconds
List clusters: [[0, array([0., 0., 0., 0.])], [11015, array([0.02411135, 0.02431083, 0.01103894, 0.01086971])], [103, array([0.34742185, 0.34472144, 0.21660385, 0.21172362])], [0, array([0.67371092, 0.42586828, 0.60830193, 0.26995279])], [1, array([1.        , 0.50701512, 1.        , 0.32818196])], [0, array([0.71177617, 0.58968792, 0.67908191, 0.46702188])], [0, array([0.42355234, 0.67236072, 0.35816383, 0.60586181])], [0, array([0.58669688, 0.71293414, 0.55401286, 0.63497639])], [0, array([0.74984142, 0.75350756, 0.7498619 , 0.66409098])], [1, array([0.49968284, 1.        , 0.4997238 , 1.        ])], [0, array([0.74984142, 1.        , 0.7498619 , 1.        ])], [0, array([1., 1., 1., 1.])]]
w2: [[ 0.03674241]
 [ 0.03252957]
 [-0.07500781]
 [-0.02243703]
 [-0.04591406]
 [-0.04789205]
 [-0.12043646]
 [-0.0656053 ]
 [-0.09827627]
 [-0.08784548]
 [-0.0618251 ]
 [-0.02516595]]
b2: [0.54211612]
RMSE: 0.452071292247
MAE: 0.289013237157

------------------------------------------------------
_sliding=2_posNumber=0.15_stiLevel=0.5_disLevel=0.55_epoch=1200_batchSize=256_learningRate=0.1Time cluster: 15.128 seconds
Time train: 150.796 seconds
Time model: 198.708 seconds
List clusters: [[0, array([0., 0., 0., 0.])], [11015, array([0.02411135, 0.02431083, 0.01103894, 0.01086971])], [103, array([0.34742185, 0.34472144, 0.21660385, 0.21172362])], [0, array([0.67371092, 0.42586828, 0.60830193, 0.26995279])], [1, array([1.        , 0.50701512, 1.        , 0.32818196])], [0, array([0.71177617, 0.58968792, 0.67908191, 0.46702188])], [0, array([0.42355234, 0.67236072, 0.35816383, 0.60586181])], [0, array([0.58669688, 0.71293414, 0.55401286, 0.63497639])], [0, array([0.74984142, 0.75350756, 0.7498619 , 0.66409098])], [1, array([0.49968284, 1.        , 0.4997238 , 1.        ])], [0, array([0.74984142, 1.        , 0.7498619 , 1.        ])], [0, array([1., 1., 1., 1.])]]
w2: [[ 0.11057836]
 [ 0.1080923 ]
 [-0.06221387]
 [ 0.00088978]
 [ 0.0460435 ]
 [ 0.00145173]
 [-0.14649874]
 [-0.03822529]
 [-0.0052133 ]
 [ 0.06646352]
 [ 0.02424377]
 [ 0.02188797]]
b2: [0.03660169]
RMSE: 0.463009369029
MAE: 0.290890831742

------------------------------------------------------
_sliding=2_posNumber=0.15_stiLevel=0.5_disLevel=0.55_epoch=1200_batchSize=256_learningRate=0.2Time cluster: 18.714 seconds
Time train: 148.702 seconds
Time model: 197.978 seconds
List clusters: [[0, array([0., 0., 0., 0.])], [11015, array([0.02411135, 0.02431083, 0.01103894, 0.01086971])], [103, array([0.34742185, 0.34472144, 0.21660385, 0.21172362])], [0, array([0.67371092, 0.42586828, 0.60830193, 0.26995279])], [1, array([1.        , 0.50701512, 1.        , 0.32818196])], [0, array([0.71177617, 0.58968792, 0.67908191, 0.46702188])], [0, array([0.42355234, 0.67236072, 0.35816383, 0.60586181])], [0, array([0.58669688, 0.71293414, 0.55401286, 0.63497639])], [0, array([0.74984142, 0.75350756, 0.7498619 , 0.66409098])], [1, array([0.49968284, 1.        , 0.4997238 , 1.        ])], [0, array([0.74984142, 1.        , 0.7498619 , 1.        ])], [0, array([1., 1., 1., 1.])]]
w2: [[0.39340555]
 [0.39169793]
 [0.00074484]
 [0.13299229]
 [0.2973597 ]
 [0.14502552]
 [0.11009293]
 [0.1165224 ]
 [0.15952308]
 [0.23535108]
 [0.24215399]
 [0.23489595]]
b2: [-1.49708017]
RMSE: 0.576168595256
MAE: 0.379285947291

------------------------------------------------------
_sliding=2_posNumber=0.15_stiLevel=0.5_disLevel=0.55_epoch=1200_batchSize=256_learningRate=0.3Time cluster: 13.75 seconds
Time train: 155.933 seconds
Time model: 200.129 seconds
List clusters: [[0, array([0., 0., 0., 0.])], [11015, array([0.02411135, 0.02431083, 0.01103894, 0.01086971])], [103, array([0.34742185, 0.34472144, 0.21660385, 0.21172362])], [0, array([0.67371092, 0.42586828, 0.60830193, 0.26995279])], [1, array([1.        , 0.50701512, 1.        , 0.32818196])], [0, array([0.71177617, 0.58968792, 0.67908191, 0.46702188])], [0, array([0.42355234, 0.67236072, 0.35816383, 0.60586181])], [0, array([0.58669688, 0.71293414, 0.55401286, 0.63497639])], [0, array([0.74984142, 0.75350756, 0.7498619 , 0.66409098])], [1, array([0.49968284, 1.        , 0.4997238 , 1.        ])], [0, array([0.74984142, 1.        , 0.7498619 , 1.        ])], [0, array([1., 1., 1., 1.])]]
w2: [[0.54515587]
 [0.47819925]
 [0.04779746]
 [0.21197739]
 [0.2768488 ]
 [0.21880967]
 [0.14362407]
 [0.18062868]
 [0.27934986]
 [0.3174391 ]
 [0.33420288]
 [0.33319263]]
b2: [-2.07297566]
RMSE: 0.622822804772
MAE: 0.420542604625

------------------------------------------------------
_sliding=2_posNumber=0.15_stiLevel=0.5_disLevel=0.55_epoch=1500_batchSize=8_learningRate=0.01Time cluster: 14.125 seconds
Time train: 2793.359 seconds
Time model: 2829.084 seconds
List clusters: [[0, array([0., 0., 0., 0.])], [11015, array([0.02411135, 0.02431083, 0.01103894, 0.01086971])], [103, array([0.34742185, 0.34472144, 0.21660385, 0.21172362])], [0, array([0.67371092, 0.42586828, 0.60830193, 0.26995279])], [1, array([1.        , 0.50701512, 1.        , 0.32818196])], [0, array([0.71177617, 0.58968792, 0.67908191, 0.46702188])], [0, array([0.42355234, 0.67236072, 0.35816383, 0.60586181])], [0, array([0.58669688, 0.71293414, 0.55401286, 0.63497639])], [0, array([0.74984142, 0.75350756, 0.7498619 , 0.66409098])], [1, array([0.49968284, 1.        , 0.4997238 , 1.        ])], [0, array([0.74984142, 1.        , 0.7498619 , 1.        ])], [0, array([1., 1., 1., 1.])]]
w2: [[-0.09096832]
 [-0.0032383 ]
 [-0.12130596]
 [-0.11533229]
 [-0.13613537]
 [-0.11229438]
 [-0.12097576]
 [-0.11764603]
 [-0.12742797]
 [-0.08201041]
 [-0.08101853]
 [-0.10879541]]
b2: [0.93962463]
RMSE: 0.449392313139
MAE: 0.286174140024

------------------------------------------------------
_sliding=2_posNumber=0.15_stiLevel=0.5_disLevel=0.55_epoch=1500_batchSize=8_learningRate=0.05Time cluster: 16.275 seconds
Time train: 2748.337 seconds
Time model: 2792.591 seconds
List clusters: [[0, array([0., 0., 0., 0.])], [11015, array([0.02411135, 0.02431083, 0.01103894, 0.01086971])], [103, array([0.34742185, 0.34472144, 0.21660385, 0.21172362])], [0, array([0.67371092, 0.42586828, 0.60830193, 0.26995279])], [1, array([1.        , 0.50701512, 1.        , 0.32818196])], [0, array([0.71177617, 0.58968792, 0.67908191, 0.46702188])], [0, array([0.42355234, 0.67236072, 0.35816383, 0.60586181])], [0, array([0.58669688, 0.71293414, 0.55401286, 0.63497639])], [0, array([0.74984142, 0.75350756, 0.7498619 , 0.66409098])], [1, array([0.49968284, 1.        , 0.4997238 , 1.        ])], [0, array([0.74984142, 1.        , 0.7498619 , 1.        ])], [0, array([1., 1., 1., 1.])]]
w2: [[ 0.0573418 ]
 [-0.02328282]
 [-0.08534874]
 [-0.10020884]
 [-0.01841605]
 [-0.04696597]
 [-0.13394021]
 [-0.10138146]
 [-0.0629958 ]
 [ 0.03974229]
 [ 0.00427483]
 [-0.03115326]]
b2: [0.41720277]
RMSE: 0.452770208643
MAE: 0.291538680051

------------------------------------------------------
_sliding=2_posNumber=0.15_stiLevel=0.5_disLevel=0.55_epoch=1500_batchSize=8_learningRate=0.1Time cluster: 17.009 seconds
Time train: 2772.437 seconds
Time model: 2816.583 seconds
List clusters: [[0, array([0., 0., 0., 0.])], [11015, array([0.02411135, 0.02431083, 0.01103894, 0.01086971])], [103, array([0.34742185, 0.34472144, 0.21660385, 0.21172362])], [0, array([0.67371092, 0.42586828, 0.60830193, 0.26995279])], [1, array([1.        , 0.50701512, 1.        , 0.32818196])], [0, array([0.71177617, 0.58968792, 0.67908191, 0.46702188])], [0, array([0.42355234, 0.67236072, 0.35816383, 0.60586181])], [0, array([0.58669688, 0.71293414, 0.55401286, 0.63497639])], [0, array([0.74984142, 0.75350756, 0.7498619 , 0.66409098])], [1, array([0.49968284, 1.        , 0.4997238 , 1.        ])], [0, array([0.74984142, 1.        , 0.7498619 , 1.        ])], [0, array([1., 1., 1., 1.])]]
w2: [[ 0.07426099]
 [-0.01786027]
 [-0.2167252 ]
 [-0.03718515]
 [ 0.18455985]
 [-0.04102855]
 [-0.26176992]
 [-0.05248062]
 [ 0.10985054]
 [ 0.11030963]
 [ 0.15711582]
 [ 0.19983256]]
b2: [-0.28209182]
RMSE: 0.452129349496
MAE: 0.289424059881

------------------------------------------------------
_sliding=2_posNumber=0.15_stiLevel=0.5_disLevel=0.55_epoch=1500_batchSize=8_learningRate=0.2Time cluster: 15.415 seconds
Time train: 2790.292 seconds
Time model: 2833.52 seconds
List clusters: [[0, array([0., 0., 0., 0.])], [11015, array([0.02411135, 0.02431083, 0.01103894, 0.01086971])], [103, array([0.34742185, 0.34472144, 0.21660385, 0.21172362])], [0, array([0.67371092, 0.42586828, 0.60830193, 0.26995279])], [1, array([1.        , 0.50701512, 1.        , 0.32818196])], [0, array([0.71177617, 0.58968792, 0.67908191, 0.46702188])], [0, array([0.42355234, 0.67236072, 0.35816383, 0.60586181])], [0, array([0.58669688, 0.71293414, 0.55401286, 0.63497639])], [0, array([0.74984142, 0.75350756, 0.7498619 , 0.66409098])], [1, array([0.49968284, 1.        , 0.4997238 , 1.        ])], [0, array([0.74984142, 1.        , 0.7498619 , 1.        ])], [0, array([1., 1., 1., 1.])]]
w2: [[-0.17980655]
 [-0.00712765]
 [-0.62504406]
 [-0.08821895]
 [ 0.47439026]
 [ 0.00518294]
 [-0.4065548 ]
 [-0.16938055]
 [ 0.21947594]
 [ 0.28981649]
 [ 0.4350841 ]
 [ 0.52657454]]
b2: [-0.9612004]
RMSE: 0.448288800901
MAE: 0.282917656508

------------------------------------------------------
_sliding=2_posNumber=0.15_stiLevel=0.5_disLevel=0.55_epoch=1500_batchSize=8_learningRate=0.3Time cluster: 17.412 seconds
Time train: 2804.366 seconds
Time model: 2850.938 seconds
List clusters: [[0, array([0., 0., 0., 0.])], [11015, array([0.02411135, 0.02431083, 0.01103894, 0.01086971])], [103, array([0.34742185, 0.34472144, 0.21660385, 0.21172362])], [0, array([0.67371092, 0.42586828, 0.60830193, 0.26995279])], [1, array([1.        , 0.50701512, 1.        , 0.32818196])], [0, array([0.71177617, 0.58968792, 0.67908191, 0.46702188])], [0, array([0.42355234, 0.67236072, 0.35816383, 0.60586181])], [0, array([0.58669688, 0.71293414, 0.55401286, 0.63497639])], [0, array([0.74984142, 0.75350756, 0.7498619 , 0.66409098])], [1, array([0.49968284, 1.        , 0.4997238 , 1.        ])], [0, array([0.74984142, 1.        , 0.7498619 , 1.        ])], [0, array([1., 1., 1., 1.])]]
w2: [[-0.12002187]
 [-0.02079277]
 [ 0.01466869]
 [-0.00481218]
 [ 0.09682379]
 [-0.13226937]
 [-0.56142558]
 [-0.34241589]
 [-0.12219   ]
 [-0.09303516]
 [ 0.10170264]
 [ 0.11967269]]
b2: [0.73780803]
RMSE: 0.435407076488
MAE: 0.272131142576

------------------------------------------------------
_sliding=2_posNumber=0.15_stiLevel=0.5_disLevel=0.55_epoch=1500_batchSize=32_learningRate=0.01Time cluster: 17.278 seconds
Time train: 806.422 seconds
Time model: 860.765 seconds
List clusters: [[0, array([0., 0., 0., 0.])], [11015, array([0.02411135, 0.02431083, 0.01103894, 0.01086971])], [103, array([0.34742185, 0.34472144, 0.21660385, 0.21172362])], [0, array([0.67371092, 0.42586828, 0.60830193, 0.26995279])], [1, array([1.        , 0.50701512, 1.        , 0.32818196])], [0, array([0.71177617, 0.58968792, 0.67908191, 0.46702188])], [0, array([0.42355234, 0.67236072, 0.35816383, 0.60586181])], [0, array([0.58669688, 0.71293414, 0.55401286, 0.63497639])], [0, array([0.74984142, 0.75350756, 0.7498619 , 0.66409098])], [1, array([0.49968284, 1.        , 0.4997238 , 1.        ])], [0, array([0.74984142, 1.        , 0.7498619 , 1.        ])], [0, array([1., 1., 1., 1.])]]
w2: [[0.16429883]
 [0.10478888]
 [0.03798967]
 [0.03150386]
 [0.00650615]
 [0.01775799]
 [0.0511608 ]
 [0.06247645]
 [0.06409114]
 [0.04281644]
 [0.02384455]
 [0.05674041]]
b2: [-0.32659565]
RMSE: 0.505704739299
MAE: 0.341048253548

------------------------------------------------------
_sliding=2_posNumber=0.15_stiLevel=0.5_disLevel=0.55_epoch=1500_batchSize=32_learningRate=0.05Time cluster: 12.558 seconds
Time train: 791.341 seconds
Time model: 831.998 seconds
List clusters: [[0, array([0., 0., 0., 0.])], [11015, array([0.02411135, 0.02431083, 0.01103894, 0.01086971])], [103, array([0.34742185, 0.34472144, 0.21660385, 0.21172362])], [0, array([0.67371092, 0.42586828, 0.60830193, 0.26995279])], [1, array([1.        , 0.50701512, 1.        , 0.32818196])], [0, array([0.71177617, 0.58968792, 0.67908191, 0.46702188])], [0, array([0.42355234, 0.67236072, 0.35816383, 0.60586181])], [0, array([0.58669688, 0.71293414, 0.55401286, 0.63497639])], [0, array([0.74984142, 0.75350756, 0.7498619 , 0.66409098])], [1, array([0.49968284, 1.        , 0.4997238 , 1.        ])], [0, array([0.74984142, 1.        , 0.7498619 , 1.        ])], [0, array([1., 1., 1., 1.])]]
w2: [[0.37393832]
 [0.18163103]
 [0.04990777]
 [0.09211783]
 [0.15734077]
 [0.10811066]
 [0.03108217]
 [0.0668032 ]
 [0.09107804]
 [0.09914722]
 [0.14826501]
 [0.21084723]]
b2: [-0.92809901]
RMSE: 0.490711954423
MAE: 0.315926814143

------------------------------------------------------
_sliding=2_posNumber=0.15_stiLevel=0.5_disLevel=0.55_epoch=1500_batchSize=32_learningRate=0.1Time cluster: 17.76 seconds
Time train: 770.893 seconds
Time model: 819.293 seconds
List clusters: [[0, array([0., 0., 0., 0.])], [11015, array([0.02411135, 0.02431083, 0.01103894, 0.01086971])], [103, array([0.34742185, 0.34472144, 0.21660385, 0.21172362])], [0, array([0.67371092, 0.42586828, 0.60830193, 0.26995279])], [1, array([1.        , 0.50701512, 1.        , 0.32818196])], [0, array([0.71177617, 0.58968792, 0.67908191, 0.46702188])], [0, array([0.42355234, 0.67236072, 0.35816383, 0.60586181])], [0, array([0.58669688, 0.71293414, 0.55401286, 0.63497639])], [0, array([0.74984142, 0.75350756, 0.7498619 , 0.66409098])], [1, array([0.49968284, 1.        , 0.4997238 , 1.        ])], [0, array([0.74984142, 1.        , 0.7498619 , 1.        ])], [0, array([1., 1., 1., 1.])]]
w2: [[ 0.07355902]
 [-0.01405097]
 [-0.07870738]
 [-0.0192798 ]
 [ 0.03392811]
 [-0.05834331]
 [-0.1649451 ]
 [-0.12568986]
 [-0.03718644]
 [-0.03090672]
 [ 0.01419708]
 [ 0.05139135]]
b2: [0.31077382]
RMSE: 0.451810243365
MAE: 0.293895203424

