------------------------------------------------------
_sliding=2_posNumber=0.05_stiLevel=0.2_disLevel=0.35_epoch=2000_batchSize=32_learningRate=0.15Time cluster: 57.534 seconds
Time train: 684.871 seconds
Time model: 776.182 seconds
List clusters: [[0, array([0., 0., 0., 0.])], [8987, array([0.00664109, 0.00674512, 0.01617227, 0.01607271])], [1398, array([0.01467068, 0.01481192, 0.02766735, 0.02818029])], [339, array([0.025277  , 0.0246587 , 0.06134878, 0.06171081])], [167, array([0.03446003, 0.03171495, 0.11738479, 0.11370185])], [89, array([0.07900372, 0.08409972, 0.14191181, 0.14761231])], [17, array([0.21859473, 0.06236491, 0.2869845 , 0.21770276])], [43, array([0.05586381, 0.04990324, 0.23080438, 0.2224408 ])], [36, array([0.12168821, 0.16221247, 0.20087733, 0.22746092])], [32, array([0.21364479, 0.23244926, 0.27515266, 0.29468781])], [0, array([0.29138444, 0.21880652, 0.38233822, 0.35350596])], [0, array([0.44910342, 0.24956106, 0.50995727, 0.37717871])], [0, array([0.60682239, 0.28031561, 0.63757633, 0.40085147])], [0, array([0.8034112 , 0.30424878, 0.81878816, 0.45393329])], [0, array([0.58379267, 0.33974846, 0.64824005, 0.47162123])], [10, array([0.36417415, 0.37524813, 0.47769194, 0.48930916])], [0, array([0.52313061, 0.36348159, 0.60826895, 0.49373565])], [0, array([0.68208707, 0.35171504, 0.73884597, 0.49816214])], [0, array([0.84104354, 0.3399485 , 0.86942298, 0.50258863])], [1, array([1.        , 0.32818196, 1.        , 0.50701512])], [0, array([0.69903078, 0.42980903, 0.74159483, 0.5619985 ])], [0, array([0.54854617, 0.48062256, 0.61239225, 0.58949018])], [0, array([0.39806156, 0.5314361 , 0.48318967, 0.61698187])], [0, array([0.51727891, 0.52261119, 0.58112243, 0.62030174])], [0, array([0.43194897, 0.68762407, 0.48868739, 0.74465458])], [0, array([0.5114272 , 0.68174079, 0.5539759 , 0.74686783])], [0, array([0.46583639, 0.84381203, 0.49418512, 0.87232729])], [1, array([0.4997238 , 1.        , 0.49968284, 1.        ])], [0, array([1., 1., 1., 1.])]]
w2: [[ 0.38914607]
 [ 0.19130533]
 [ 0.04244884]
 [ 0.03912714]
 [-0.03829677]
 [-0.00910066]
 [ 0.28766955]
 [-0.1229262 ]
 [-0.15001384]
 [ 0.06461241]
 [ 0.12396217]
 [ 0.0680696 ]
 [ 0.07003057]
 [ 0.08259004]
 [-0.02645416]
 [-0.1876754 ]
 [-0.11473872]
 [-0.02105712]
 [ 0.0387252 ]
 [ 0.07150541]
 [-0.00334976]
 [-0.03123638]
 [-0.11974533]
 [-0.0115713 ]
 [-0.04213893]
 [-0.0255656 ]
 [ 0.0263222 ]
 [ 0.0819422 ]
 [ 0.14392145]]
b2: [-0.17652272]
RMSE: 0.0306
MAE: 0.0171

------------------------------------------------------
_sliding=2_posNumber=0.05_stiLevel=0.2_disLevel=0.45_epoch=2000_batchSize=32_learningRate=0.15Time cluster: 58.494 seconds
Time train: 686.827 seconds
Time model: 772.64 seconds
List clusters: [[0, array([0., 0., 0., 0.])], [8675, array([0.00650221, 0.00659723, 0.01598143, 0.01588663])], [1606, array([0.01337172, 0.01336782, 0.02566676, 0.02588368])], [375, array([0.02310739, 0.0240425 , 0.05156103, 0.05297455])], [175, array([0.03300949, 0.02914425, 0.09602586, 0.09300304])], [143, array([0.0563588 , 0.05793663, 0.14028244, 0.14082522])], [46, array([0.11814401, 0.15029927, 0.19134645, 0.21300065])], [17, array([0.21859473, 0.06236491, 0.2869845 , 0.21770276])], [38, array([0.05979743, 0.05609774, 0.23650405, 0.22985604])], [33, array([0.21190887, 0.23221034, 0.27268968, 0.29424369])], [0, array([0.29138444, 0.21880652, 0.38233822, 0.35350596])], [0, array([0.60595443, 0.28019615, 0.63634484, 0.4006294 ])], [0, array([0.80297722, 0.30418905, 0.81817242, 0.45382226])], [0, array([0.58357568, 0.33971859, 0.64793218, 0.47156571])], [10, array([0.36417415, 0.37524813, 0.47769194, 0.48930916])], [0, array([0.68208707, 0.35171504, 0.73884597, 0.49816214])], [1, array([1.        , 0.32818196, 1.        , 0.50701512])], [0, array([0.78969839, 0.39416453, 0.80108967, 0.52874359])], [0, array([0.57939677, 0.46014711, 0.60217934, 0.55047205])], [0, array([0.55283912, 0.64009807, 0.56801384, 0.7003147 ])], [0, array([0.43194897, 0.68762407, 0.48868739, 0.74465458])], [1, array([0.4997238 , 1.        , 0.49968284, 1.        ])], [0, array([1., 1., 1., 1.])]]
w2: [[ 0.14866237]
 [ 0.11798363]
 [ 0.06729527]
 [ 0.00671162]
 [-0.0010056 ]
 [-0.01530089]
 [-0.17844694]
 [ 0.31944525]
 [-0.25608195]
 [ 0.07925688]
 [ 0.06765099]
 [-0.03405758]
 [-0.03995695]
 [-0.03227196]
 [-0.13579954]
 [-0.06292536]
 [-0.03204801]
 [-0.01955463]
 [-0.12861206]
 [-0.08310585]
 [-0.16254854]
 [-0.08643048]
 [-0.05089705]]
b2: [0.6616954]
RMSE: 0.0302
MAE: 0.0167

------------------------------------------------------
_sliding=2_posNumber=0.05_stiLevel=0.2_disLevel=0.6_epoch=2000_batchSize=32_learningRate=0.15Time cluster: 59.799 seconds
Time train: 691.448 seconds
Time model: 778.08 seconds
List clusters: [[0, array([0., 0., 0., 0.])], [8994, array([0.0066437 , 0.00674917, 0.0161763 , 0.01607764])], [1394, array([0.0146937 , 0.01482179, 0.02774782, 0.028242  ])], [342, array([0.02534003, 0.02461532, 0.06206536, 0.06235662])], [171, array([0.03658868, 0.02977375, 0.12509466, 0.11791041])], [77, array([0.07499124, 0.08998358, 0.12916467, 0.1432066 ])], [18, array([0.2152365 , 0.05996816, 0.28300591, 0.21276842])], [40, array([0.11858934, 0.15517343, 0.19728173, 0.22062735])], [39, array([0.05998219, 0.05637737, 0.23518743, 0.22870988])], [32, array([0.20697203, 0.23207597, 0.26736282, 0.29479805])], [0, array([0.60348602, 0.28012896, 0.63368141, 0.40090659])], [11, array([0.36469355, 0.36263558, 0.47455168, 0.46996325])], [0, array([0.68234678, 0.34540877, 0.73727584, 0.48848918])], [1, array([1.        , 0.32818196, 1.        , 0.50701512])], [0, array([0.77863886, 0.42077262, 0.80609827, 0.55937526])], [0, array([0.55727773, 0.51336328, 0.61219655, 0.6117354 ])], [0, array([0.43220868, 0.68131779, 0.48711726, 0.73498162])], [0, array([0.7498619 , 0.66409098, 0.74984142, 0.75350756])], [0, array([0.52850076, 0.75668164, 0.5559397 , 0.8058677 ])], [1, array([0.4997238 , 1.        , 0.49968284, 1.        ])], [0, array([1., 1., 1., 1.])]]
w2: [[ 0.37895166]
 [ 0.2200001 ]
 [ 0.05274374]
 [ 0.02579556]
 [-0.02746358]
 [-0.0351734 ]
 [ 0.33036279]
 [-0.16381469]
 [-0.10981042]
 [ 0.15835606]
 [ 0.02091361]
 [-0.23917781]
 [ 0.07903811]
 [ 0.07885031]
 [ 0.05446785]
 [-0.09055479]
 [-0.09561561]
 [ 0.04802435]
 [ 0.00401882]
 [ 0.07564371]
 [ 0.10439551]]
b2: [-0.19619917]
RMSE: 0.0311
MAE: 0.0178

------------------------------------------------------
_sliding=2_posNumber=0.05_stiLevel=0.2_disLevel=0.7_epoch=2000_batchSize=32_learningRate=0.15Time cluster: 59.642 seconds
Time train: 695.253 seconds
Time model: 779.104 seconds
List clusters: [[0, array([0., 0., 0., 0.])], [8728, array([0.00651888, 0.0066202 , 0.01600735, 0.01591791])], [1576, array([0.01360647, 0.01361578, 0.02597693, 0.02621512])], [369, array([0.02317216, 0.02377216, 0.05371478, 0.05477394])], [169, array([0.03562656, 0.03352323, 0.09796819, 0.09684239])], [120, array([0.05300849, 0.04788673, 0.14741986, 0.14128469])], [57, array([0.10754417, 0.14122432, 0.16967779, 0.19527149])], [17, array([0.21859473, 0.06236491, 0.2869845 , 0.21770276])], [36, array([0.06372839, 0.05887658, 0.24133686, 0.23452732])], [35, array([0.19981478, 0.22723562, 0.26596227, 0.29302881])], [0, array([0.59990739, 0.27770879, 0.63298113, 0.40002196])], [11, array([0.36469355, 0.36263558, 0.47455168, 0.46996325])], [0, array([0.68234678, 0.34540877, 0.73727584, 0.48848918])], [1, array([1.        , 0.32818196, 1.        , 0.50701512])], [0, array([0.7749078 , 0.48351818, 0.78316599, 0.60351305])], [0, array([0.5498156 , 0.63885439, 0.56633199, 0.70001098])], [0, array([0.43220868, 0.68131779, 0.48711726, 0.73498162])], [0, array([0.7498619 , 0.66409098, 0.74984142, 0.75350756])], [1, array([0.4997238 , 1.        , 0.49968284, 1.        ])], [0, array([1., 1., 1., 1.])]]
w2: [[ 0.22284817]
 [ 0.14371829]
 [ 0.08490566]
 [-0.01395719]
 [ 0.02323868]
 [-0.04133114]
 [-0.13124799]
 [ 0.35891612]
 [-0.23515161]
 [ 0.06461807]
 [-0.0617297 ]
 [-0.10836064]
 [-0.03845586]
 [ 0.02315566]
 [-0.06503978]
 [-0.11344551]
 [-0.13398058]
 [-0.04549159]
 [-0.03596211]
 [ 0.00766369]]
b2: [0.41747155]
RMSE: 0.0307
MAE: 0.0172

------------------------------------------------------
_sliding=2_posNumber=0.05_stiLevel=0.3_disLevel=0.35_epoch=2000_batchSize=32_learningRate=0.15Time cluster: 23.989 seconds
Time train: 699.688 seconds
Time model: 745.575 seconds
List clusters: [[0, array([0., 0., 0., 0.])], [10137, array([0.00741766, 0.00749867, 0.01724098, 0.01718299])], [584, array([0.02262113, 0.02258563, 0.0507316 , 0.05137174])], [245, array([0.04514617, 0.04569119, 0.12288916, 0.12295619])], [95, array([0.10354399, 0.09029521, 0.21662684, 0.20956369])], [47, array([0.20111306, 0.20944422, 0.26668454, 0.28251501])], [0, array([0.28880495, 0.32074399, 0.37318783, 0.4091253 ])], [0, array([0.46660371, 0.32260348, 0.52989087, 0.43359776])], [0, array([0.64440247, 0.32446297, 0.68659391, 0.45807021])], [0, array([0.82220124, 0.32632247, 0.84329696, 0.48254267])], [0, array([0.66632545, 0.35228791, 0.71321973, 0.48972279])], [0, array([0.51044966, 0.37825336, 0.58314251, 0.49690291])], [0, array([0.75522483, 0.35321766, 0.79157126, 0.50195901])], [1, array([1.        , 0.32818196, 1.        , 0.50701512])], [0, array([0.84412421, 0.35414741, 0.86992278, 0.51419524])], [0, array([0.68824842, 0.38011286, 0.73984556, 0.52137536])], [11, array([0.37649684, 0.43204375, 0.47969111, 0.5357356 ])], [0, array([1., 1., 1., 1.])]]
w2: [[ 0.29266369]
 [ 0.2166579 ]
 [ 0.06218275]
 [-0.09353186]
 [-0.07121887]
 [ 0.19500002]
 [ 0.00351828]
 [-0.07885218]
 [ 0.04399161]
 [ 0.0331638 ]
 [ 0.00950996]
 [-0.11519052]
 [ 0.04032448]
 [ 0.09482985]
 [ 0.02598842]
 [-0.06093101]
 [-0.19883216]
 [ 0.03974037]]
b2: [0.03671208]
RMSE: 0.0315
MAE: 0.0185

------------------------------------------------------
_sliding=2_posNumber=0.05_stiLevel=0.3_disLevel=0.45_epoch=2000_batchSize=32_learningRate=0.15Time cluster: 24.085 seconds
Time train: 700.249 seconds
Time model: 742.733 seconds
List clusters: [[0, array([0., 0., 0., 0.])], [10149, array([0.00743574, 0.00751947, 0.01727063, 0.01721644])], [572, array([0.0228321 , 0.02274425, 0.05137766, 0.05197455])], [238, array([0.04555076, 0.04407645, 0.12210327, 0.12108314])], [94, array([0.09003555, 0.09337986, 0.20439629, 0.20540312])], [55, array([0.20082514, 0.18815203, 0.27177703, 0.27609713])], [0, array([0.40061885, 0.22315951, 0.45383277, 0.33382663])], [0, array([0.60041257, 0.25816699, 0.63588851, 0.39155613])], [0, array([0.80020628, 0.29317448, 0.81794426, 0.44928562])], [1, array([1.        , 0.32818196, 1.        , 0.50701512])], [0, array([0.68824842, 0.38011286, 0.73984556, 0.52137536])], [11, array([0.37649684, 0.43204375, 0.47969111, 0.5357356 ])], [0, array([0.68824842, 0.54806737, 0.73984556, 0.64462158])], [0, array([1.        , 0.66409098, 1.        , 0.75350756])], [0, array([1., 1., 1., 1.])]]
w2: [[ 0.09768577]
 [ 0.17713646]
 [ 0.05504178]
 [-0.06562857]
 [-0.20764348]
 [ 0.13405056]
 [ 0.13160612]
 [-0.06006578]
 [-0.06748807]
 [-0.05760234]
 [-0.09214682]
 [-0.33306342]
 [-0.11339075]
 [-0.18218561]
 [-0.10528402]]
b2: [0.78118357]
RMSE: 0.0311
MAE: 0.018

------------------------------------------------------
_sliding=2_posNumber=0.05_stiLevel=0.3_disLevel=0.6_epoch=2000_batchSize=32_learningRate=0.15Time cluster: 24.224 seconds
Time train: 703.101 seconds
Time model: 742.1 seconds
List clusters: [[0, array([0., 0., 0., 0.])], [10154, array([0.00744433, 0.00752912, 0.01728115, 0.01722653])], [569, array([0.022843  , 0.0227344 , 0.05175949, 0.05237021])], [247, array([0.0459614 , 0.04672049, 0.1238794 , 0.1236788 ])], [98, array([0.10758244, 0.09666012, 0.21772718, 0.21391001])], [40, array([0.21057429, 0.2143081 , 0.27747673, 0.29030392])], [0, array([0.60528714, 0.27124503, 0.63873837, 0.39865952])], [1, array([1.        , 0.32818196, 1.        , 0.50701512])], [0, array([0.68824842, 0.38011286, 0.73984556, 0.52137536])], [11, array([0.37649684, 0.43204375, 0.47969111, 0.5357356 ])], [0, array([0.68824842, 0.54806737, 0.73984556, 0.64462158])], [0, array([1.        , 0.66409098, 1.        , 0.75350756])], [0, array([1., 1., 1., 1.])]]
w2: [[ 0.31162817]
 [ 0.22626367]
 [ 0.05672614]
 [-0.09321615]
 [-0.05145846]
 [ 0.18409123]
 [ 0.0374994 ]
 [ 0.04343921]
 [-0.03032482]
 [-0.29876131]
 [-0.00611246]
 [ 0.03542333]
 [ 0.08273874]]
b2: [0.01653066]
RMSE: 0.0318
MAE: 0.0189

------------------------------------------------------
_sliding=2_posNumber=0.05_stiLevel=0.3_disLevel=0.7_epoch=2000_batchSize=32_learningRate=0.15Time cluster: 24.856 seconds
Time train: 704.654 seconds
Time model: 746.198 seconds
List clusters: [[0, array([0., 0., 0., 0.])], [10154, array([0.00744433, 0.00752912, 0.01728115, 0.01722653])], [569, array([0.022843  , 0.0227344 , 0.05175949, 0.05237021])], [247, array([0.0459614 , 0.04672049, 0.1238794 , 0.1236788 ])], [98, array([0.10758244, 0.09666012, 0.21772718, 0.21391001])], [40, array([0.21057429, 0.2143081 , 0.27747673, 0.29030392])], [0, array([0.60528714, 0.27124503, 0.63873837, 0.39865952])], [1, array([1.        , 0.32818196, 1.        , 0.50701512])], [0, array([0.68824842, 0.38011286, 0.73984556, 0.52137536])], [11, array([0.37649684, 0.43204375, 0.47969111, 0.5357356 ])], [0, array([0.68824842, 0.54806737, 0.73984556, 0.64462158])], [0, array([1.        , 0.66409098, 1.        , 0.75350756])], [0, array([1., 1., 1., 1.])]]
w2: [[ 0.40584819]
 [ 0.22278713]
 [ 0.05741296]
 [-0.0870844 ]
 [-0.01719575]
 [ 0.1845068 ]
 [ 0.04777546]
 [ 0.08826462]
 [ 0.02817827]
 [-0.2729035 ]
 [-0.02293467]
 [ 0.1170635 ]
 [ 0.17541335]]
b2: [-0.26388003]
RMSE: 0.0319
MAE: 0.0189

------------------------------------------------------
_sliding=2_posNumber=0.05_stiLevel=0.4_disLevel=0.35_epoch=2000_batchSize=32_learningRate=0.15Time cluster: 14.405 seconds
Time train: 709.245 seconds
Time model: 738.134 seconds
List clusters: [[0, array([0., 0., 0., 0.])], [10283, array([0.00758301, 0.00766839, 0.01750516, 0.01746175])], [509, array([0.02513931, 0.02532224, 0.06227858, 0.06258166])], [226, array([0.05883708, 0.05642912, 0.14774969, 0.1466049 ])], [90, array([0.16490893, 0.1608726 , 0.2543175 , 0.25909534])], [0, array([0.29668218, 0.2921306 , 0.38868385, 0.39621878])], [12, array([0.42845544, 0.42338861, 0.52305019, 0.53334223])], [0, array([0.57134158, 0.56754145, 0.64228764, 0.65000667])], [0, array([0.71422772, 0.7116943 , 0.76152509, 0.76667111])], [0, array([0.85711386, 0.85584715, 0.88076255, 0.88333556])], [0, array([1., 1., 1., 1.])]]
w2: [[ 0.08116595]
 [ 0.15336362]
 [ 0.07673422]
 [-0.24189588]
 [ 0.0494125 ]
 [ 0.02402543]
 [-0.27078192]
 [-0.17289404]
 [-0.22471808]
 [-0.20064176]
 [-0.2071354 ]]
b2: [0.95407025]
RMSE: 0.0311
MAE: 0.018

------------------------------------------------------
_sliding=2_posNumber=0.05_stiLevel=0.4_disLevel=0.45_epoch=2000_batchSize=32_learningRate=0.15Time cluster: 14.023 seconds
Time train: 707.205 seconds
Time model: 735.16 seconds
List clusters: [[0, array([0., 0., 0., 0.])], [10283, array([0.00758301, 0.00766839, 0.01750516, 0.01746175])], [509, array([0.02513931, 0.02532224, 0.06227858, 0.06258166])], [226, array([0.05883708, 0.05642912, 0.14774969, 0.1466049 ])], [90, array([0.16490893, 0.1608726 , 0.2543175 , 0.25909534])], [0, array([0.29668218, 0.2921306 , 0.38868385, 0.39621878])], [12, array([0.42845544, 0.42338861, 0.52305019, 0.53334223])], [0, array([0.57134158, 0.56754145, 0.64228764, 0.65000667])], [0, array([0.71422772, 0.7116943 , 0.76152509, 0.76667111])], [0, array([0.85711386, 0.85584715, 0.88076255, 0.88333556])], [0, array([1., 1., 1., 1.])]]
w2: [[ 0.31232498]
 [ 0.21644634]
 [ 0.06513635]
 [-0.17972189]
 [ 0.17635371]
 [-0.02575769]
 [-0.18302447]
 [-0.06220092]
 [-0.05653578]
 [ 0.05219106]
 [ 0.08371263]]
b2: [0.09272764]
RMSE: 0.0319
MAE: 0.019

------------------------------------------------------
_sliding=2_posNumber=0.05_stiLevel=0.4_disLevel=0.6_epoch=2000_batchSize=32_learningRate=0.15Time cluster: 14.456 seconds
Time train: 704.402 seconds
Time model: 728.551 seconds
List clusters: [[0, array([0., 0., 0., 0.])], [10274, array([0.00756896, 0.00765265, 0.01748572, 0.01744285])], [515, array([0.02509815, 0.02527779, 0.06134622, 0.0617865 ])], [226, array([0.05760092, 0.05555875, 0.14626679, 0.14495952])], [93, array([0.16293391, 0.15836794, 0.25330272, 0.2574903 ])], [12, array([0.42845544, 0.42338861, 0.52305019, 0.53334223])], [0, array([0.71422772, 0.7116943 , 0.76152509, 0.76667111])], [0, array([1., 1., 1., 1.])]]
w2: [[ 0.08405358]
 [ 0.15791052]
 [ 0.0741824 ]
 [-0.24552044]
 [ 0.08109271]
 [-0.38890993]
 [-0.33387241]
 [-0.28602869]]
b2: [0.88487964]
RMSE: 0.0312
MAE: 0.0181

------------------------------------------------------
_sliding=2_posNumber=0.05_stiLevel=0.4_disLevel=0.7_epoch=2000_batchSize=32_learningRate=0.15Time cluster: 16.051 seconds
Time train: 708.761 seconds
Time model: 734.968 seconds
List clusters: [[0, array([0., 0., 0., 0.])], [10275, array([0.00756884, 0.00765878, 0.01748541, 0.01744573])], [514, array([0.02513467, 0.02518957, 0.06143793, 0.06181528])], [226, array([0.05760092, 0.05555875, 0.14626679, 0.14495952])], [93, array([0.16293391, 0.15836794, 0.25330272, 0.2574903 ])], [12, array([0.42845544, 0.42338861, 0.52305019, 0.53334223])], [0, array([0.71422772, 0.7116943 , 0.76152509, 0.76667111])], [0, array([1., 1., 1., 1.])]]
w2: [[ 0.24050443]
 [ 0.21184842]
 [ 0.06245947]
 [-0.1912613 ]
 [ 0.13924289]
 [-0.27227381]
 [-0.14090052]
 [-0.03706061]]
b2: [0.35062154]
RMSE: 0.0319
MAE: 0.019

------------------------------------------------------
_sliding=2_posNumber=0.05_stiLevel=0.5_disLevel=0.35_epoch=2000_batchSize=32_learningRate=0.15Time cluster: 8.803 seconds
Time train: 704.61 seconds
Time model: 726.735 seconds
List clusters: [[0, array([0., 0., 0., 0.])], [10605, array([0.00802337, 0.00811158, 0.01848331, 0.01845766])], [380, array([0.04239495, 0.04104724, 0.11137905, 0.11048026])], [121, array([0.14062664, 0.13819917, 0.23771082, 0.24253713])], [0, array([0.27700946, 0.27135526, 0.36989516, 0.37350129])], [14, array([0.41339229, 0.40451135, 0.5020795 , 0.50446544])], [0, array([0.56004422, 0.55338352, 0.62655962, 0.62834908])], [0, array([0.70669614, 0.70225568, 0.75103975, 0.75223272])], [0, array([0.85334807, 0.85112784, 0.87551987, 0.87611636])], [0, array([1., 1., 1., 1.])]]
w2: [[ 0.50981172]
 [ 0.24735706]
 [-0.06242471]
 [ 0.11998309]
 [ 0.06802069]
 [-0.2038178 ]
 [ 0.01921062]
 [ 0.1395834 ]
 [ 0.26116118]
 [ 0.31308398]]
b2: [-0.60999958]
RMSE: 0.0338
MAE: 0.0208

------------------------------------------------------
_sliding=2_posNumber=0.05_stiLevel=0.5_disLevel=0.45_epoch=2000_batchSize=32_learningRate=0.15Time cluster: 10.764 seconds
Time train: 704.861 seconds
Time model: 728.483 seconds
List clusters: [[0, array([0., 0., 0., 0.])], [10602, array([0.00802129, 0.00810984, 0.0184696 , 0.01844325])], [381, array([0.0418344 , 0.04057883, 0.11069757, 0.109888  ])], [123, array([0.14010674, 0.13741687, 0.23668344, 0.24122221])], [0, array([0.27674951, 0.27096411, 0.36938147, 0.37284383])], [14, array([0.41339229, 0.40451135, 0.5020795 , 0.50446544])], [0, array([0.56004422, 0.55338352, 0.62655962, 0.62834908])], [0, array([0.70669614, 0.70225568, 0.75103975, 0.75223272])], [0, array([0.85334807, 0.85112784, 0.87551987, 0.87611636])], [0, array([1., 1., 1., 1.])]]
w2: [[ 0.21696719]
 [ 0.24714074]
 [-0.10461628]
 [-0.01754231]
 [ 0.11157113]
 [-0.185845  ]
 [-0.18891851]
 [-0.1321149 ]
 [-0.01640896]
 [-0.0241176 ]]
b2: [0.41253198]
RMSE: 0.0334
MAE: 0.0204

------------------------------------------------------
_sliding=2_posNumber=0.05_stiLevel=0.5_disLevel=0.6_epoch=2000_batchSize=32_learningRate=0.15Time cluster: 10.471 seconds
Time train: 706.135 seconds
Time model: 725.866 seconds
List clusters: [[0, array([0., 0., 0., 0.])], [10602, array([0.00802129, 0.00810984, 0.0184696 , 0.01844325])], [381, array([0.0418344 , 0.04057883, 0.11069757, 0.109888  ])], [123, array([0.14010674, 0.13741687, 0.23668344, 0.24122221])], [14, array([0.41339229, 0.40451135, 0.5020795 , 0.50446544])], [0, array([0.70669614, 0.70225568, 0.75103975, 0.75223272])], [0, array([1., 1., 1., 1.])]]
w2: [[ 0.04951057]
 [ 0.18466444]
 [-0.15315509]
 [-0.03590052]
 [-0.38963712]
 [-0.3707728 ]
 [-0.25989423]]
b2: [0.90692279]
RMSE: 0.0329
MAE: 0.0196

------------------------------------------------------
_sliding=2_posNumber=0.05_stiLevel=0.5_disLevel=0.7_epoch=2000_batchSize=32_learningRate=0.15Time cluster: 9.801 seconds
Time train: 697.024 seconds
Time model: 715.967 seconds
List clusters: [[0, array([0., 0., 0., 0.])], [10605, array([0.00802337, 0.00811158, 0.01848331, 0.01845766])], [380, array([0.04239495, 0.04104724, 0.11137905, 0.11048026])], [121, array([0.14062664, 0.13819917, 0.23771082, 0.24253713])], [14, array([0.41339229, 0.40451135, 0.5020795 , 0.50446544])], [0, array([0.70669614, 0.70225568, 0.75103975, 0.75223272])], [0, array([1., 1., 1., 1.])]]
w2: [[ 0.33742454]
 [ 0.24329721]
 [-0.11576963]
 [ 0.10955558]
 [-0.20670748]
 [-0.04264584]
 [ 0.11946175]]
b2: [0.05468901]
RMSE: 0.0339
MAE: 0.0209

------------------------------------------------------
_sliding=2_posNumber=0.15_stiLevel=0.2_disLevel=0.35_epoch=2000_batchSize=32_learningRate=0.15Time cluster: 46.479 seconds
Time train: 691.979 seconds
Time model: 772.873 seconds
List clusters: [[0, array([0., 0., 0., 0.])], [9099, array([0.00670028, 0.00680102, 0.01624083, 0.01614729])], [1311, array([0.01511766, 0.01522137, 0.02853417, 0.02906662])], [336, array([0.02566987, 0.02554867, 0.06451665, 0.06520321])], [188, array([0.04236236, 0.03616239, 0.12826707, 0.12121607])], [62, array([0.08854099, 0.11722831, 0.14200198, 0.16795075])], [18, array([0.2152365 , 0.05996816, 0.28300591, 0.21276842])], [50, array([0.07208687, 0.0754251 , 0.23482789, 0.23030913])], [0, array([0.18925301, 0.16426509, 0.26039039, 0.25465829])], [43, array([0.19055215, 0.21850776, 0.25362157, 0.28102776])], [0, array([0.28996503, 0.21130187, 0.37877879, 0.34136584])], [0, array([0.44262055, 0.24232336, 0.50279479, 0.36769364])], [0, array([0.59527607, 0.27334486, 0.62681079, 0.39402144])], [0, array([0.79763804, 0.30076341, 0.81340539, 0.45051828])], [0, array([0.5811658 , 0.3316995 , 0.64397853, 0.46024076])], [11, array([0.36469355, 0.36263558, 0.47455168, 0.46996325])], [0, array([0.52352017, 0.35402218, 0.60591376, 0.47922622])], [0, array([0.68234678, 0.34540877, 0.73727584, 0.48848918])], [0, array([0.84117339, 0.33679536, 0.86863792, 0.49775215])], [1, array([1.        , 0.32818196, 1.        , 0.50701512])], [0, array([0.69922556, 0.42507932, 0.74041723, 0.55474378])], [0, array([0.54883834, 0.473528  , 0.61062585, 0.57860811])], [0, array([0.39845111, 0.52197669, 0.48083447, 0.60247244])], [0, array([0.51757107, 0.51551663, 0.57935603, 0.60941966])], [0, array([0.43220868, 0.68131779, 0.48711726, 0.73498162])], [0, array([0.51162198, 0.67701109, 0.5527983 , 0.73961311])], [0, array([0.46596624, 0.8406589 , 0.49340005, 0.86749081])], [1, array([0.4997238 , 1.        , 0.49968284, 1.        ])], [0, array([1., 1., 1., 1.])]]
w2: [[ 0.20696247]
 [ 0.13500591]
 [ 0.04396456]
 [ 0.03336237]
 [-0.03697405]
 [-0.06549193]
 [ 0.2925695 ]
 [-0.28676194]
 [-0.02190014]
 [ 0.01376486]
 [ 0.11361527]
 [ 0.07794454]
 [ 0.01123587]
 [-0.03179644]
 [-0.0614744 ]
 [-0.09001789]
 [-0.02758518]
 [ 0.0070002 ]
 [ 0.01212769]
 [-0.00248398]
 [-0.03761498]
 [-0.0871913 ]
 [-0.08900615]
 [-0.11244527]
 [-0.11750948]
 [-0.07484995]
 [-0.01011154]
 [-0.02081005]
 [ 0.0160977 ]]
b2: [0.46223445]
RMSE: 0.03
MAE: 0.0165

------------------------------------------------------
_sliding=2_posNumber=0.15_stiLevel=0.2_disLevel=0.45_epoch=2000_batchSize=32_learningRate=0.15Time cluster: 45.222 seconds
Time train: 700.117 seconds
Time model: 772.262 seconds
List clusters: [[0, array([0., 0., 0., 0.])], [9109, array([0.0067013 , 0.0068013 , 0.01624251, 0.01614878])], [1312, array([0.01519142, 0.01530295, 0.028621  , 0.02919983])], [336, array([0.02519869, 0.02484129, 0.06664212, 0.06630043])], [196, array([0.04876929, 0.046706  , 0.12601327, 0.12483035])], [56, array([0.10857625, 0.14309927, 0.1786428 , 0.20322867])], [46, array([0.05651519, 0.04756284, 0.22525797, 0.21241893])], [19, array([0.20793247, 0.06814789, 0.2886025 , 0.22661357])], [34, array([0.21041816, 0.23012252, 0.27212752, 0.29304759])], [0, array([0.28605331, 0.22169801, 0.38314722, 0.35796137])], [0, array([0.60520908, 0.27915224, 0.63606376, 0.40003136])], [0, array([0.80260454, 0.3036671 , 0.81803188, 0.45352324])], [0, array([0.58338934, 0.33945762, 0.64786191, 0.4714162 ])], [10, array([0.36417415, 0.37524813, 0.47769194, 0.48930916])], [0, array([0.68208707, 0.35171504, 0.73884597, 0.49816214])], [1, array([1.        , 0.32818196, 1.        , 0.50701512])], [0, array([0.77623322, 0.48387904, 0.78393665, 0.6035154 ])], [0, array([0.55701802, 0.51966955, 0.61376668, 0.62140836])], [0, array([0.43194897, 0.68762407, 0.48868739, 0.74465458])], [0, array([0.7498619 , 0.66409098, 0.74984142, 0.75350756])], [0, array([0.52837091, 0.75983478, 0.55672476, 0.81070418])], [1, array([0.4997238 , 1.        , 0.49968284, 1.        ])], [0, array([1., 1., 1., 1.])]]
w2: [[ 0.39656988]
 [ 0.21278733]
 [ 0.05489893]
 [ 0.0304    ]
 [-0.03490877]
 [-0.15907339]
 [-0.07854686]
 [ 0.26550129]
 [ 0.10289207]
 [ 0.0746067 ]
 [ 0.05524112]
 [ 0.05245192]
 [-0.02866831]
 [-0.28720638]
 [ 0.03832068]
 [ 0.07319994]
 [ 0.03591713]
 [-0.07401345]
 [-0.04828787]
 [ 0.07220461]
 [-0.01881734]
 [ 0.07454417]
 [ 0.10451187]]
b2: [-0.22496423]
RMSE: 0.031
MAE: 0.0177

------------------------------------------------------
_sliding=2_posNumber=0.15_stiLevel=0.2_disLevel=0.6_epoch=2000_batchSize=32_learningRate=0.15Time cluster: 47.656 seconds
Time train: 700.913 seconds
Time model: 772.572 seconds
List clusters: [[0, array([0., 0., 0., 0.])], [9301, array([0.00681181, 0.00692063, 0.01637385, 0.01630664])], [1164, array([0.01600061, 0.01600549, 0.03073666, 0.03106   ])], [315, array([0.02687227, 0.02671235, 0.07128028, 0.07143626])], [187, array([0.05097046, 0.04919658, 0.1322845 , 0.13098234])], [52, array([0.11282708, 0.14594643, 0.18705489, 0.20952822])], [18, array([0.2152365 , 0.05996816, 0.28300591, 0.21276842])], [38, array([0.0597105 , 0.05528058, 0.23650311, 0.22893306])], [33, array([0.21190887, 0.23221034, 0.27268968, 0.29424369])], [0, array([0.60595443, 0.28019615, 0.63634484, 0.4006294 ])], [10, array([0.36417415, 0.37524813, 0.47769194, 0.48930916])], [0, array([0.68208707, 0.35171504, 0.73884597, 0.49816214])], [1, array([1.        , 0.32818196, 1.        , 0.50701512])], [0, array([0.77850901, 0.42392576, 0.80688334, 0.56421174])], [0, array([0.55701802, 0.51966955, 0.61376668, 0.62140836])], [0, array([0.43194897, 0.68762407, 0.48868739, 0.74465458])], [0, array([0.7498619 , 0.66409098, 0.74984142, 0.75350756])], [0, array([0.52837091, 0.75983478, 0.55672476, 0.81070418])], [1, array([0.4997238 , 1.        , 0.49968284, 1.        ])], [0, array([1., 1., 1., 1.])]]
w2: [[ 0.28794526]
 [ 0.20705715]
 [ 0.04823999]
 [ 0.01685639]
 [-0.04262461]
 [-0.16159806]
 [ 0.33604886]
 [-0.16446999]
 [ 0.11149922]
 [ 0.02697541]
 [-0.15577763]
 [-0.08605132]
 [ 0.05303375]
 [ 0.03935165]
 [-0.10662519]
 [-0.12471634]
 [ 0.01621466]
 [-0.01915409]
 [ 0.02897444]
 [ 0.06592944]]
b2: [0.11242961]
RMSE: 0.0308
MAE: 0.0174

------------------------------------------------------
_sliding=2_posNumber=0.15_stiLevel=0.2_disLevel=0.7_epoch=2000_batchSize=32_learningRate=0.15Time cluster: 47.015 seconds
Time train: 821.146 seconds
Time model: 890.146 seconds
List clusters: [[0, array([0., 0., 0., 0.])], [8994, array([0.00664172, 0.00674616, 0.01617248, 0.01607329])], [1398, array([0.01467651, 0.01482433, 0.02776702, 0.02827501])], [345, array([0.02553936, 0.02453856, 0.06297012, 0.06310237])], [193, array([0.0415833 , 0.03566673, 0.12640014, 0.12026434])], [63, array([0.08625885, 0.11555419, 0.13794183, 0.16329438])], [18, array([0.2152365 , 0.05996816, 0.28300591, 0.21276842])], [51, array([0.07082467, 0.07503128, 0.23318045, 0.22892079])], [44, array([0.18588579, 0.21328165, 0.24994708, 0.27661437])], [0, array([0.59294289, 0.27073181, 0.62497354, 0.39181475])], [12, array([0.35731402, 0.36124808, 0.46078584, 0.46295842])], [0, array([0.67865701, 0.34471502, 0.73039292, 0.48498677])], [1, array([1.        , 0.32818196, 1.        , 0.50701512])], [0, array([0.77316667, 0.48177393, 0.7811641 , 0.60146125])], [0, array([0.54633335, 0.6353659 , 0.56232819, 0.69590737])], [0, array([0.42851891, 0.68062404, 0.48023434, 0.73147921])], [0, array([0.7498619 , 0.66409098, 0.74984142, 0.75350756])], [1, array([0.4997238 , 1.        , 0.49968284, 1.        ])], [0, array([1., 1., 1., 1.])]]
w2: [[-0.10711161]
 [ 0.0737083 ]
 [ 0.06643966]
 [ 0.02844707]
 [-0.08816021]
 [-0.02748255]
 [ 0.28406944]
 [-0.41150416]
 [ 0.02662857]
 [-0.04637587]
 [-0.16317827]
 [-0.1224137 ]
 [-0.16624221]
 [-0.14178455]
 [-0.18756949]
 [-0.21989708]
 [-0.16874341]
 [-0.20791003]
 [-0.14305931]]
b2: [1.37742077]
RMSE: 0.0301
MAE: 0.0166

------------------------------------------------------
_sliding=2_posNumber=0.15_stiLevel=0.3_disLevel=0.35_epoch=2000_batchSize=32_learningRate=0.15Time cluster: 36.946 seconds
Time train: 1015.631 seconds
Time model: 1086.313 seconds
List clusters: [[0, array([0., 0., 0., 0.])], [10152, array([0.00743852, 0.00752149, 0.01727329, 0.01721981])], [571, array([0.02281156, 0.02273688, 0.05159731, 0.05218197])], [248, array([0.04681196, 0.04660089, 0.12408516, 0.12350396])], [98, array([0.10569669, 0.09881767, 0.21819571, 0.21605192])], [39, array([0.21412499, 0.2139442 , 0.27892933, 0.2903059 ])], [0, array([0.31805075, 0.29245679, 0.40205191, 0.39061235])], [11, array([0.4219765 , 0.37096939, 0.52517449, 0.49091879])], [0, array([0.44141332, 0.52822704, 0.51880158, 0.6181891 ])], [0, array([0.40888727, 0.6462284 , 0.45086738, 0.69530617])], [0, array([0.46085015, 0.68548469, 0.51242867, 0.7454594 ])], [0, array([0.45430554, 0.8231142 , 0.47527511, 0.84765309])], [0, array([0.48028697, 0.84274235, 0.50605576, 0.8727297 ])], [1, array([0.4997238 , 1.        , 0.49968284, 1.        ])], [0, array([0.7498619 , 1.        , 0.74984142, 1.        ])], [0, array([1., 1., 1., 1.])]]
w2: [[ 0.28654669]
 [ 0.23430985]
 [ 0.05132386]
 [-0.07739069]
 [-0.08907494]
 [ 0.18339139]
 [ 0.06737523]
 [-0.10162104]
 [-0.18751822]
 [-0.11073342]
 [-0.03008023]
 [-0.05022112]
 [-0.01137012]
 [ 0.07226914]
 [ 0.07559371]
 [ 0.09824521]]
b2: [0.07698147]
RMSE: 0.0317
MAE: 0.0187

------------------------------------------------------
_sliding=2_posNumber=0.15_stiLevel=0.3_disLevel=0.45_epoch=2000_batchSize=32_learningRate=0.15Time cluster: 46.744 seconds
Time train: 1023.863 seconds
Time model: 1106.477 seconds
List clusters: [[0, array([0., 0., 0., 0.])], [10142, array([0.00742574, 0.00750595, 0.01725934, 0.01720181])], [579, array([0.02276805, 0.0227445 , 0.05104585, 0.05169093])], [246, array([0.04524749, 0.04579303, 0.12326508, 0.12295615])], [101, array([0.1068906 , 0.09682035, 0.21583455, 0.21239261])], [40, array([0.21057429, 0.2143081 , 0.27747673, 0.29030392])], [0, array([0.40793072, 0.24277656, 0.45810755, 0.34448172])], [0, array([0.60528714, 0.27124503, 0.63873837, 0.39865952])], [0, array([0.80264357, 0.29971349, 0.81936918, 0.45283732])], [1, array([1.        , 0.32818196, 1.        , 0.50701512])], [0, array([0.68824842, 0.38011286, 0.73984556, 0.52137536])], [11, array([0.37649684, 0.43204375, 0.47969111, 0.5357356 ])], [0, array([0.68824842, 0.54806737, 0.73984556, 0.64462158])], [0, array([1.        , 0.66409098, 1.        , 0.75350756])], [0, array([1., 1., 1., 1.])]]
w2: [[ 0.4009239 ]
 [ 0.25485625]
 [ 0.0479829 ]
 [-0.07297586]
 [-0.01671674]
 [ 0.15433364]
 [ 0.07780953]
 [-0.044881  ]
 [ 0.09685097]
 [ 0.1008206 ]
 [ 0.02097161]
 [-0.28156444]
 [ 0.01503204]
 [ 0.12771475]
 [ 0.14476765]]
b2: [-0.32515818]
RMSE: 0.0322
MAE: 0.0193

------------------------------------------------------
_sliding=2_posNumber=0.15_stiLevel=0.3_disLevel=0.6_epoch=2000_batchSize=32_learningRate=0.15Time cluster: 37.391 seconds
Time train: 1035.163 seconds
Time model: 1105.556 seconds
List clusters: [[0, array([0., 0., 0., 0.])], [10137, array([0.00741766, 0.00749867, 0.01724098, 0.01718299])], [584, array([0.02262113, 0.02258563, 0.0507316 , 0.05137174])], [245, array([0.04514617, 0.04569119, 0.12288916, 0.12295619])], [101, array([0.10622703, 0.09616345, 0.21520779, 0.21085081])], [41, array([0.20878201, 0.21242475, 0.27750577, 0.2900201 ])], [11, array([0.4219765 , 0.37096939, 0.52517449, 0.49091879])], [0, array([0.35425291, 0.60621238, 0.38859431, 0.64501005])], [0, array([0.46085015, 0.68548469, 0.51242867, 0.7454594 ])], [0, array([0.5859192 , 0.68548469, 0.63750796, 0.7454594 ])], [1, array([0.4997238 , 1.        , 0.49968284, 1.        ])], [0, array([0.7498619 , 1.        , 0.74984142, 1.        ])], [0, array([1., 1., 1., 1.])]]
w2: [[ 0.7010336 ]
 [ 0.36426051]
 [ 0.01362116]
 [-0.03655096]
 [ 0.14982876]
 [ 0.15546816]
 [-0.07516432]
 [-0.0250695 ]
 [ 0.14858596]
 [ 0.25721068]
 [ 0.31824974]
 [ 0.37375552]
 [ 0.47781047]]
b2: [-1.48785835]
RMSE: 0.0356
MAE: 0.023

------------------------------------------------------
_sliding=2_posNumber=0.15_stiLevel=0.3_disLevel=0.7_epoch=2000_batchSize=32_learningRate=0.15Time cluster: 43.448 seconds
Time train: 1022.174 seconds
Time model: 1087.062 seconds
List clusters: [[0, array([0., 0., 0., 0.])], [10154, array([0.00744433, 0.00752912, 0.01728115, 0.01722653])], [569, array([0.022843  , 0.0227344 , 0.05175949, 0.05237021])], [248, array([0.04681196, 0.04660089, 0.12408516, 0.12350396])], [98, array([0.10569669, 0.09881767, 0.21819571, 0.21605192])], [39, array([0.21412499, 0.2139442 , 0.27892933, 0.2903059 ])], [0, array([0.6070625 , 0.27106308, 0.63946467, 0.39866051])], [1, array([1.        , 0.32818196, 1.        , 0.50701512])], [0, array([0.68824842, 0.38011286, 0.73984556, 0.52137536])], [11, array([0.37649684, 0.43204375, 0.47969111, 0.5357356 ])], [0, array([0.68824842, 0.54806737, 0.73984556, 0.64462158])], [0, array([1.        , 0.66409098, 1.        , 0.75350756])], [0, array([1., 1., 1., 1.])]]
w2: [[ 0.06423771]
 [ 0.13888848]
 [ 0.07287663]
 [-0.11973789]
 [-0.17948281]
 [ 0.17006408]
 [-0.02970404]
 [-0.08677886]
 [-0.17522736]
 [-0.26163889]
 [-0.24986768]
 [-0.15842455]
 [-0.12032044]]
b2: [0.92039656]
RMSE: 0.0311
MAE: 0.0179

------------------------------------------------------
_sliding=2_posNumber=0.15_stiLevel=0.4_disLevel=0.35_epoch=2000_batchSize=32_learningRate=0.15Time cluster: 13.214 seconds
Time train: 1038.032 seconds
Time model: 1068.558 seconds
List clusters: [[0, array([0., 0., 0., 0.])], [10602, array([0.00802129, 0.00810984, 0.0184696 , 0.01844325])], [381, array([0.0418344 , 0.04057883, 0.11069757, 0.109888  ])], [123, array([0.14010674, 0.13741687, 0.23668344, 0.24122221])], [0, array([0.27674951, 0.27096411, 0.36938147, 0.37284383])], [14, array([0.41339229, 0.40451135, 0.5020795 , 0.50446544])], [0, array([0.56004422, 0.55338352, 0.62655962, 0.62834908])], [0, array([0.70669614, 0.70225568, 0.75103975, 0.75223272])], [0, array([0.85334807, 0.85112784, 0.87551987, 0.87611636])], [0, array([1., 1., 1., 1.])]]
w2: [[ 0.47215583]
 [ 0.23800871]
 [-0.07453272]
 [ 0.10750364]
 [ 0.07895746]
 [-0.21999054]
 [ 0.01659747]
 [ 0.12570483]
 [ 0.11029941]
 [ 0.23944712]]
b2: [-0.37070988]
RMSE: 0.0336
MAE: 0.0206

------------------------------------------------------
_sliding=2_posNumber=0.15_stiLevel=0.4_disLevel=0.45_epoch=2000_batchSize=32_learningRate=0.15Time cluster: 16.584 seconds
Time train: 1048.52 seconds
Time model: 1090.08 seconds
List clusters: [[0, array([0., 0., 0., 0.])], [10602, array([0.00802129, 0.00810984, 0.0184696 , 0.01844325])], [381, array([0.0418344 , 0.04057883, 0.11069757, 0.109888  ])], [123, array([0.14010674, 0.13741687, 0.23668344, 0.24122221])], [0, array([0.27674951, 0.27096411, 0.36938147, 0.37284383])], [14, array([0.41339229, 0.40451135, 0.5020795 , 0.50446544])], [0, array([0.56004422, 0.55338352, 0.62655962, 0.62834908])], [0, array([0.70669614, 0.70225568, 0.75103975, 0.75223272])], [0, array([0.85334807, 0.85112784, 0.87551987, 0.87611636])], [0, array([1., 1., 1., 1.])]]
w2: [[-0.13093183]
 [ 0.16304392]
 [-0.15006293]
 [-0.18856828]
 [ 0.05135723]
 [-0.23469533]
 [-0.40871336]
 [-0.3488866 ]
 [-0.29727872]
 [-0.29621451]]
b2: [1.45528767]
RMSE: 0.0324
MAE: 0.0191

------------------------------------------------------
_sliding=2_posNumber=0.15_stiLevel=0.4_disLevel=0.6_epoch=2000_batchSize=32_learningRate=0.15Time cluster: 13.81 seconds
Time train: 1024.95 seconds
Time model: 1058.085 seconds
List clusters: [[0, array([0., 0., 0., 0.])], [10602, array([0.00802129, 0.00810984, 0.0184696 , 0.01844325])], [381, array([0.0418344 , 0.04057883, 0.11069757, 0.109888  ])], [123, array([0.14010674, 0.13741687, 0.23668344, 0.24122221])], [14, array([0.41339229, 0.40451135, 0.5020795 , 0.50446544])], [0, array([0.70669614, 0.70225568, 0.75103975, 0.75223272])], [0, array([1., 1., 1., 1.])]]
w2: [[ 0.0336804 ]
 [ 0.19180433]
 [-0.1552921 ]
 [-0.03865623]
 [-0.40096621]
 [-0.35274728]
 [-0.30700043]]
b2: [0.94588237]
RMSE: 0.033
MAE: 0.0196

------------------------------------------------------
_sliding=2_posNumber=0.15_stiLevel=0.4_disLevel=0.7_epoch=2000_batchSize=32_learningRate=0.15Time cluster: 21.795 seconds
Time train: 1057.041 seconds
Time model: 1096.953 seconds
List clusters: [[0, array([0., 0., 0., 0.])], [10602, array([0.00802129, 0.00810984, 0.0184696 , 0.01844325])], [381, array([0.0418344 , 0.04057883, 0.11069757, 0.109888  ])], [123, array([0.14010674, 0.13741687, 0.23668344, 0.24122221])], [14, array([0.41339229, 0.40451135, 0.5020795 , 0.50446544])], [0, array([0.70669614, 0.70225568, 0.75103975, 0.75223272])], [0, array([1., 1., 1., 1.])]]
w2: [[ 0.09871868]
 [ 0.20407431]
 [-0.14776085]
 [-0.00889414]
 [-0.32336205]
 [-0.34762061]
 [-0.24299772]]
b2: [0.81115666]
RMSE: 0.0332
MAE: 0.0199

------------------------------------------------------
_sliding=2_posNumber=0.15_stiLevel=0.5_disLevel=0.35_epoch=2000_batchSize=32_learningRate=0.15Time cluster: 19.292 seconds
Time train: 1066.579 seconds
Time model: 1105.262 seconds
List clusters: [[0, array([0., 0., 0., 0.])], [10602, array([0.00802129, 0.00810984, 0.0184696 , 0.01844325])], [381, array([0.0418344 , 0.04057883, 0.11069757, 0.109888  ])], [123, array([0.14010674, 0.13741687, 0.23668344, 0.24122221])], [0, array([0.27674951, 0.27096411, 0.36938147, 0.37284383])], [14, array([0.41339229, 0.40451135, 0.5020795 , 0.50446544])], [0, array([0.56004422, 0.55338352, 0.62655962, 0.62834908])], [0, array([0.70669614, 0.70225568, 0.75103975, 0.75223272])], [0, array([0.85334807, 0.85112784, 0.87551987, 0.87611636])], [0, array([1., 1., 1., 1.])]]
w2: [[ 0.33588516]
 [ 0.23950114]
 [-0.08239767]
 [ 0.01301319]
 [ 0.15332293]
 [-0.22890792]
 [-0.11766606]
 [ 0.02587442]
 [ 0.00597053]
 [ 0.05131398]]
b2: [0.11010479]
RMSE: 0.0333
MAE: 0.0204

------------------------------------------------------
_sliding=2_posNumber=0.15_stiLevel=0.5_disLevel=0.45_epoch=2000_batchSize=32_learningRate=0.15Time cluster: 18.532 seconds
Time train: 1087.844 seconds
Time model: 1134.419 seconds
List clusters: [[0, array([0., 0., 0., 0.])], [10602, array([0.00802129, 0.00810984, 0.0184696 , 0.01844325])], [381, array([0.0418344 , 0.04057883, 0.11069757, 0.109888  ])], [123, array([0.14010674, 0.13741687, 0.23668344, 0.24122221])], [0, array([0.27674951, 0.27096411, 0.36938147, 0.37284383])], [14, array([0.41339229, 0.40451135, 0.5020795 , 0.50446544])], [0, array([0.56004422, 0.55338352, 0.62655962, 0.62834908])], [0, array([0.70669614, 0.70225568, 0.75103975, 0.75223272])], [0, array([0.85334807, 0.85112784, 0.87551987, 0.87611636])], [0, array([1., 1., 1., 1.])]]
w2: [[-0.37246341]
 [ 0.07469692]
 [-0.21045084]
 [-0.23250645]
 [-0.14246892]
 [-0.3665487 ]
 [-0.44467799]
 [-0.43293872]
 [-0.40822863]
 [-0.44203076]]
b2: [2.03646164]
RMSE: 0.0334
MAE: 0.0198

------------------------------------------------------
_sliding=2_posNumber=0.15_stiLevel=0.5_disLevel=0.6_epoch=2000_batchSize=32_learningRate=0.15Time cluster: 19.138 seconds
Time train: 1097.905 seconds
Time model: 1138.77 seconds
List clusters: [[0, array([0., 0., 0., 0.])], [10602, array([0.00802129, 0.00810984, 0.0184696 , 0.01844325])], [381, array([0.0418344 , 0.04057883, 0.11069757, 0.109888  ])], [123, array([0.14010674, 0.13741687, 0.23668344, 0.24122221])], [14, array([0.41339229, 0.40451135, 0.5020795 , 0.50446544])], [0, array([0.70669614, 0.70225568, 0.75103975, 0.75223272])], [0, array([1., 1., 1., 1.])]]
w2: [[ 0.40020465]
 [ 0.24455829]
 [-0.09743086]
 [ 0.11484057]
 [-0.15502142]
 [ 0.04209507]
 [ 0.18810712]]
b2: [-0.1297882]
RMSE: 0.0339
MAE: 0.0209

------------------------------------------------------
_sliding=2_posNumber=0.15_stiLevel=0.5_disLevel=0.7_epoch=2000_batchSize=32_learningRate=0.15Time cluster: 18.929 seconds
Time train: 1058.817 seconds
Time model: 1097.284 seconds
List clusters: [[0, array([0., 0., 0., 0.])], [10602, array([0.00802129, 0.00810984, 0.0184696 , 0.01844325])], [381, array([0.0418344 , 0.04057883, 0.11069757, 0.109888  ])], [123, array([0.14010674, 0.13741687, 0.23668344, 0.24122221])], [14, array([0.41339229, 0.40451135, 0.5020795 , 0.50446544])], [0, array([0.70669614, 0.70225568, 0.75103975, 0.75223272])], [0, array([1., 1., 1., 1.])]]
w2: [[ 0.34674249]
 [ 0.25446884]
 [-0.11450957]
 [ 0.12026024]
 [-0.22906823]
 [ 0.0650411 ]
 [ 0.08630407]]
b2: [0.002283]
RMSE: 0.0341
MAE: 0.0211

------------------------------------------------------
_sliding=2_posNumber=0.25_stiLevel=0.2_disLevel=0.35_epoch=2000_batchSize=32_learningRate=0.15Time cluster: 78.721 seconds
Time train: 1021.686 seconds
Time model: 1156.536 seconds
List clusters: [[0, array([0., 0., 0., 0.])], [9003, array([0.00665239, 0.0067579 , 0.0161844 , 0.0160887 ])], [1384, array([0.01473045, 0.01485848, 0.02782941, 0.02831105])], [337, array([0.02537378, 0.02476538, 0.0614478 , 0.06187498])], [170, array([0.03367001, 0.03303576, 0.11688163, 0.11499322])], [87, array([0.08237051, 0.08355371, 0.14431493, 0.14676693])], [17, array([0.21859473, 0.06236491, 0.2869845 , 0.21770276])], [43, array([0.05586381, 0.04990324, 0.23080438, 0.2224408 ])], [35, array([0.12219415, 0.16387625, 0.20113482, 0.22847795])], [32, array([0.21364479, 0.23244926, 0.27515266, 0.29468781])], [0, array([0.29138444, 0.21880652, 0.38233822, 0.35350596])], [0, array([0.44910342, 0.24956106, 0.50995727, 0.37717871])], [0, array([0.60682239, 0.28031561, 0.63757633, 0.40085147])], [0, array([0.8034112 , 0.30424878, 0.81878816, 0.45393329])], [0, array([0.58379267, 0.33974846, 0.64824005, 0.47162123])], [10, array([0.36417415, 0.37524813, 0.47769194, 0.48930916])], [0, array([0.52313061, 0.36348159, 0.60826895, 0.49373565])], [0, array([0.68208707, 0.35171504, 0.73884597, 0.49816214])], [0, array([0.84104354, 0.3399485 , 0.86942298, 0.50258863])], [1, array([1.        , 0.32818196, 1.        , 0.50701512])], [0, array([0.69903078, 0.42980903, 0.74159483, 0.5619985 ])], [0, array([0.54854617, 0.48062256, 0.61239225, 0.58949018])], [0, array([0.39806156, 0.5314361 , 0.48318967, 0.61698187])], [0, array([0.51727891, 0.52261119, 0.58112243, 0.62030174])], [0, array([0.43194897, 0.68762407, 0.48868739, 0.74465458])], [0, array([0.5114272 , 0.68174079, 0.5539759 , 0.74686783])], [0, array([0.46583639, 0.84381203, 0.49418512, 0.87232729])], [1, array([0.4997238 , 1.        , 0.49968284, 1.        ])], [0, array([1., 1., 1., 1.])]]
w2: [[-0.20302677]
 [-0.00520373]
 [ 0.07837176]
 [ 0.02597907]
 [-0.1298588 ]
 [ 0.15049598]
 [ 0.20949886]
 [-0.38834077]
 [-0.29387868]
 [ 0.09003322]
 [ 0.09668545]
 [ 0.0351746 ]
 [-0.02913706]
 [-0.13144671]
 [-0.0581828 ]
 [-0.05521935]
 [-0.04103571]
 [-0.07011417]
 [-0.12089232]
 [-0.13201536]
 [-0.09768532]
 [-0.13345688]
 [-0.10686249]
 [-0.16770828]
 [-0.20705872]
 [-0.11802167]
 [-0.19174661]
 [-0.23047544]
 [-0.07446537]]
b2: [1.67704197]
RMSE: 0.0299
MAE: 0.0165

------------------------------------------------------
_sliding=2_posNumber=0.25_stiLevel=0.2_disLevel=0.45_epoch=2000_batchSize=32_learningRate=0.15Time cluster: 91.751 seconds
Time train: 1022.48 seconds
Time model: 1162.726 seconds
List clusters: [[0, array([0., 0., 0., 0.])], [8930, array([0.0066147 , 0.00670906, 0.0161381 , 0.01603587])], [1434, array([0.01442199, 0.01453598, 0.02721209, 0.02766214])], [355, array([0.02479618, 0.02440942, 0.05982311, 0.06053501])], [167, array([0.03423511, 0.03107103, 0.11678897, 0.11230103])], [87, array([0.07729299, 0.08254011, 0.13732824, 0.14340216])], [43, array([0.05196189, 0.04710889, 0.22486508, 0.21670373])], [18, array([0.21186811, 0.06431772, 0.28915445, 0.2237217 ])], [42, array([0.11882555, 0.15529147, 0.19964198, 0.22392727])], [32, array([0.21364479, 0.23244926, 0.27515266, 0.29468781])], [0, array([0.28802113, 0.21978293, 0.3834232 , 0.35651543])], [0, array([0.60682239, 0.28031561, 0.63757633, 0.40085147])], [0, array([0.8034112 , 0.30424878, 0.81878816, 0.45393329])], [0, array([0.58379267, 0.33974846, 0.64824005, 0.47162123])], [10, array([0.36417415, 0.37524813, 0.47769194, 0.48930916])], [0, array([0.68208707, 0.35171504, 0.73884597, 0.49816214])], [1, array([1.        , 0.32818196, 1.        , 0.50701512])], [0, array([0.77663655, 0.48416988, 0.78431479, 0.60372043])], [0, array([0.55701802, 0.51966955, 0.61376668, 0.62140836])], [0, array([0.43194897, 0.68762407, 0.48868739, 0.74465458])], [0, array([0.7498619 , 0.66409098, 0.74984142, 0.75350756])], [0, array([0.52837091, 0.75983478, 0.55672476, 0.81070418])], [1, array([0.4997238 , 1.        , 0.49968284, 1.        ])], [0, array([1., 1., 1., 1.])]]
w2: [[-0.05770093]
 [ 0.02853221]
 [ 0.06987311]
 [ 0.02520888]
 [-0.09333494]
 [ 0.10684719]
 [-0.32331666]
 [ 0.24212026]
 [-0.24974854]
 [ 0.0723276 ]
 [ 0.0458231 ]
 [-0.00703548]
 [-0.10911091]
 [-0.03945843]
 [-0.13390671]
 [-0.10022366]
 [-0.09192405]
 [-0.12515172]
 [-0.15540672]
 [-0.15693104]
 [-0.14206312]
 [-0.22595561]
 [-0.17672149]
 [-0.11947118]]
b2: [1.37986539]
RMSE: 0.03
MAE: 0.0165

------------------------------------------------------
_sliding=2_posNumber=0.25_stiLevel=0.2_disLevel=0.6_epoch=2000_batchSize=32_learningRate=0.15Time cluster: 90.71 seconds
Time train: 1037.834 seconds
Time model: 1173.231 seconds
List clusters: [[0, array([0., 0., 0., 0.])], [8986, array([0.00664047, 0.0067445 , 0.01617173, 0.01607217])], [1395, array([0.01465683, 0.01479808, 0.02765291, 0.02816585])], [341, array([0.02506755, 0.0245599 , 0.06113836, 0.06153275])], [168, array([0.03494118, 0.03198614, 0.11667437, 0.11295041])], [87, array([0.07890586, 0.08411902, 0.14081475, 0.1466463 ])], [17, array([0.21859473, 0.06236491, 0.2869845 , 0.21770276])], [43, array([0.05302289, 0.04706233, 0.22813549, 0.21977191])], [39, array([0.12004604, 0.15745306, 0.20259448, 0.22713318])], [32, array([0.21364479, 0.23244926, 0.27515266, 0.29468781])], [0, array([0.60682239, 0.28031561, 0.63757633, 0.40085147])], [10, array([0.36417415, 0.37524813, 0.47769194, 0.48930916])], [0, array([0.68208707, 0.35171504, 0.73884597, 0.49816214])], [1, array([1.        , 0.32818196, 1.        , 0.50701512])], [0, array([0.77850901, 0.42392576, 0.80688334, 0.56421174])], [0, array([0.55701802, 0.51966955, 0.61376668, 0.62140836])], [0, array([0.43194897, 0.68762407, 0.48868739, 0.74465458])], [0, array([0.7498619 , 0.66409098, 0.74984142, 0.75350756])], [0, array([0.52837091, 0.75983478, 0.55672476, 0.81070418])], [1, array([0.4997238 , 1.        , 0.49968284, 1.        ])], [0, array([1., 1., 1., 1.])]]
w2: [[ 0.50735567]
 [ 0.28284365]
 [ 0.05084552]
 [ 0.0275516 ]
 [-0.00782992]
 [-0.0768536 ]
 [ 0.35855001]
 [-0.03522962]
 [-0.11810073]
 [ 0.12524987]
 [ 0.05479267]
 [-0.25790466]
 [ 0.01767853]
 [ 0.15631207]
 [ 0.11482324]
 [-0.00228763]
 [-0.03265861]
 [ 0.11723054]
 [ 0.02447397]
 [ 0.17517196]
 [ 0.21411392]]
b2: [-0.71188753]
RMSE: 0.032
MAE: 0.0189

------------------------------------------------------
_sliding=2_posNumber=0.25_stiLevel=0.2_disLevel=0.7_epoch=2000_batchSize=32_learningRate=0.15Time cluster: 74.111 seconds
Time train: 1028.572 seconds
Time model: 1152.467 seconds
List clusters: [[0, array([0., 0., 0., 0.])], [8918, array([0.00660846, 0.00670735, 0.01612564, 0.01602574])], [1446, array([0.01435667, 0.0144183 , 0.02718447, 0.02759081])], [358, array([0.02484097, 0.02481218, 0.05993835, 0.0606524 ])], [173, array([0.03398567, 0.03351881, 0.11649405, 0.11477092])], [82, array([0.08523381, 0.08130336, 0.14308552, 0.14325093])], [45, array([0.05602309, 0.05138579, 0.22878134, 0.22098272])], [38, array([0.12010201, 0.16040646, 0.19885402, 0.22569565])], [16, array([0.21620065, 0.06519646, 0.29398922, 0.22628921])], [32, array([0.21364479, 0.23244926, 0.27515266, 0.29468781])], [0, array([0.60682239, 0.28031561, 0.63757633, 0.40085147])], [10, array([0.36417415, 0.37524813, 0.47769194, 0.48930916])], [0, array([0.68208707, 0.35171504, 0.73884597, 0.49816214])], [1, array([1.        , 0.32818196, 1.        , 0.50701512])], [0, array([0.77663655, 0.48416988, 0.78431479, 0.60372043])], [0, array([0.5532731 , 0.6401578 , 0.56862959, 0.70042573])], [0, array([0.43194897, 0.68762407, 0.48868739, 0.74465458])], [0, array([0.7498619 , 0.66409098, 0.74984142, 0.75350756])], [1, array([0.4997238 , 1.        , 0.49968284, 1.        ])], [0, array([1., 1., 1., 1.])]]
w2: [[ 0.42890167]
 [ 0.2421484 ]
 [ 0.05684101]
 [ 0.03211549]
 [-0.06598997]
 [ 0.03196211]
 [-0.09331305]
 [-0.18698654]
 [ 0.36424599]
 [ 0.1322997 ]
 [ 0.01550118]
 [-0.2491615 ]
 [ 0.02103158]
 [ 0.13417556]
 [ 0.0356839 ]
 [-0.0316381 ]
 [-0.02792315]
 [ 0.09047494]
 [ 0.13362448]
 [ 0.11225363]]
b2: [-0.38168196]
RMSE: 0.0315
MAE: 0.0183

------------------------------------------------------
_sliding=2_posNumber=0.25_stiLevel=0.3_disLevel=0.35_epoch=2000_batchSize=32_learningRate=0.15Time cluster: 30.784 seconds
Time train: 1028.993 seconds
Time model: 1084.644 seconds
List clusters: [[0, array([0., 0., 0., 0.])], [10281, array([0.00758051, 0.00766628, 0.01750069, 0.01745794])], [511, array([0.02511524, 0.02529049, 0.06209952, 0.06238858])], [226, array([0.05870057, 0.05630327, 0.1475826 , 0.14644289])], [90, array([0.16490893, 0.1608726 , 0.2543175 , 0.25909534])], [0, array([0.29668218, 0.2921306 , 0.38868385, 0.39621878])], [12, array([0.42845544, 0.42338861, 0.52305019, 0.53334223])], [0, array([0.57134158, 0.56754145, 0.64228764, 0.65000667])], [0, array([0.71422772, 0.7116943 , 0.76152509, 0.76667111])], [0, array([0.85711386, 0.85584715, 0.88076255, 0.88333556])], [0, array([1., 1., 1., 1.])]]
w2: [[-0.07140761]
 [ 0.15160722]
 [ 0.07975108]
 [-0.28108649]
 [ 0.01129703]
 [-0.00862294]
 [-0.28577079]
 [-0.27784641]
 [-0.28808188]
 [-0.32527819]
 [-0.21097897]]
b2: [1.27474115]
RMSE: 0.0311
MAE: 0.0179

------------------------------------------------------
_sliding=2_posNumber=0.25_stiLevel=0.3_disLevel=0.45_epoch=2000_batchSize=32_learningRate=0.15Time cluster: 24.558 seconds
Time train: 1030.734 seconds
Time model: 1086.69 seconds
List clusters: [[0, array([0., 0., 0., 0.])], [10283, array([0.00758301, 0.00766839, 0.01750516, 0.01746175])], [509, array([0.02513931, 0.02532224, 0.06227858, 0.06258166])], [226, array([0.05883708, 0.05642912, 0.14774969, 0.1466049 ])], [90, array([0.16490893, 0.1608726 , 0.2543175 , 0.25909534])], [0, array([0.29668218, 0.2921306 , 0.38868385, 0.39621878])], [12, array([0.42845544, 0.42338861, 0.52305019, 0.53334223])], [0, array([0.57134158, 0.56754145, 0.64228764, 0.65000667])], [0, array([0.71422772, 0.7116943 , 0.76152509, 0.76667111])], [0, array([0.85711386, 0.85584715, 0.88076255, 0.88333556])], [0, array([1., 1., 1., 1.])]]
w2: [[ 0.37218102]
 [ 0.24963869]
 [ 0.044349  ]
 [-0.135558  ]
 [ 0.17772526]
 [ 0.00146414]
 [-0.22772125]
 [-0.03610972]
 [ 0.08244684]
 [ 0.15413334]
 [ 0.21134538]]
b2: [-0.26456365]
RMSE: 0.0326
MAE: 0.0198

------------------------------------------------------
_sliding=2_posNumber=0.25_stiLevel=0.3_disLevel=0.6_epoch=2000_batchSize=32_learningRate=0.15Time cluster: 20.333 seconds
Time train: 1030.677 seconds
Time model: 1073.707 seconds
List clusters: [[0, array([0., 0., 0., 0.])], [10282, array([0.00758078, 0.00766617, 0.01750351, 0.0174601 ])], [510, array([0.02514437, 0.0253273 , 0.06213014, 0.06243322])], [225, array([0.05834833, 0.05594037, 0.14746109, 0.14631631])], [91, array([0.16461274, 0.16062077, 0.25344503, 0.25817036])], [12, array([0.42845544, 0.42338861, 0.52305019, 0.53334223])], [0, array([0.71422772, 0.7116943 , 0.76152509, 0.76667111])], [0, array([1., 1., 1., 1.])]]
w2: [[ 0.59209946]
 [ 0.28025821]
 [ 0.01587372]
 [-0.0380795 ]
 [ 0.17195537]
 [ 0.00330788]
 [ 0.36511157]
 [ 0.4610935 ]]
b2: [-0.83297617]
RMSE: 0.0337
MAE: 0.0209

------------------------------------------------------
_sliding=2_posNumber=0.25_stiLevel=0.3_disLevel=0.7_epoch=2000_batchSize=32_learningRate=0.15Time cluster: 19.38 seconds
Time train: 1034.109 seconds
Time model: 1082.775 seconds
List clusters: [[0, array([0., 0., 0., 0.])], [10274, array([0.00756882, 0.00765251, 0.01748331, 0.01744043])], [514, array([0.02502176, 0.02526138, 0.0611104 , 0.06158936])], [227, array([0.05741766, 0.05525896, 0.14597001, 0.14458893])], [93, array([0.16293391, 0.15836794, 0.25330272, 0.2574903 ])], [12, array([0.42845544, 0.42338861, 0.52305019, 0.53334223])], [0, array([0.71422772, 0.7116943 , 0.76152509, 0.76667111])], [0, array([1., 1., 1., 1.])]]
w2: [[ 0.059153  ]
 [ 0.19673256]
 [ 0.06628573]
 [-0.23755079]
 [ 0.07729655]
 [-0.36557704]
 [-0.37530306]
 [-0.21779981]]
b2: [0.84004614]
RMSE: 0.0316
MAE: 0.0187

------------------------------------------------------
_sliding=2_posNumber=0.25_stiLevel=0.4_disLevel=0.35_epoch=2000_batchSize=32_learningRate=0.15Time cluster: 23.052 seconds
Time train: 1041.3 seconds
Time model: 1090.929 seconds
List clusters: [[0, array([0., 0., 0., 0.])], [10602, array([0.00802129, 0.00810984, 0.0184696 , 0.01844325])], [381, array([0.0418344 , 0.04057883, 0.11069757, 0.109888  ])], [123, array([0.14010674, 0.13741687, 0.23668344, 0.24122221])], [0, array([0.27674951, 0.27096411, 0.36938147, 0.37284383])], [14, array([0.41339229, 0.40451135, 0.5020795 , 0.50446544])], [0, array([0.56004422, 0.55338352, 0.62655962, 0.62834908])], [0, array([0.70669614, 0.70225568, 0.75103975, 0.75223272])], [0, array([0.85334807, 0.85112784, 0.87551987, 0.87611636])], [0, array([1., 1., 1., 1.])]]
w2: [[ 0.48700465]
 [ 0.24726805]
 [-0.06850963]
 [ 0.11365913]
 [ 0.08092564]
 [-0.24156985]
 [ 0.03915612]
 [ 0.1451367 ]
 [ 0.18098631]
 [ 0.28740503]]
b2: [-0.50803554]
RMSE: 0.0338
MAE: 0.0208

------------------------------------------------------
_sliding=2_posNumber=0.25_stiLevel=0.4_disLevel=0.45_epoch=2000_batchSize=32_learningRate=0.15Time cluster: 16.848 seconds
Time train: 1055.143 seconds
Time model: 1096.56 seconds
List clusters: [[0, array([0., 0., 0., 0.])], [10602, array([0.00802129, 0.00810984, 0.0184696 , 0.01844325])], [381, array([0.0418344 , 0.04057883, 0.11069757, 0.109888  ])], [123, array([0.14010674, 0.13741687, 0.23668344, 0.24122221])], [0, array([0.27674951, 0.27096411, 0.36938147, 0.37284383])], [14, array([0.41339229, 0.40451135, 0.5020795 , 0.50446544])], [0, array([0.56004422, 0.55338352, 0.62655962, 0.62834908])], [0, array([0.70669614, 0.70225568, 0.75103975, 0.75223272])], [0, array([0.85334807, 0.85112784, 0.87551987, 0.87611636])], [0, array([1., 1., 1., 1.])]]
w2: [[ 0.46543968]
 [ 0.23907235]
 [-0.06921358]
 [ 0.08776959]
 [ 0.09560248]
 [-0.17517694]
 [-0.06359377]
 [ 0.11645968]
 [ 0.14343401]
 [ 0.23037639]]
b2: [-0.35370283]
RMSE: 0.0336
MAE: 0.0206

------------------------------------------------------
_sliding=2_posNumber=0.25_stiLevel=0.4_disLevel=0.6_epoch=2000_batchSize=32_learningRate=0.15Time cluster: 14.119 seconds
Time train: 1062.48 seconds
Time model: 1092.619 seconds
List clusters: [[0, array([0., 0., 0., 0.])], [10602, array([0.00802129, 0.00810984, 0.0184696 , 0.01844325])], [381, array([0.0418344 , 0.04057883, 0.11069757, 0.109888  ])], [123, array([0.14010674, 0.13741687, 0.23668344, 0.24122221])], [14, array([0.41339229, 0.40451135, 0.5020795 , 0.50446544])], [0, array([0.70669614, 0.70225568, 0.75103975, 0.75223272])], [0, array([1., 1., 1., 1.])]]
w2: [[ 0.43848096]
 [ 0.23536276]
 [-0.09736794]
 [ 0.13828024]
 [-0.17555194]
 [ 0.10936805]
 [ 0.26062543]]
b2: [-0.25413085]
RMSE: 0.0338
MAE: 0.0208

------------------------------------------------------
_sliding=2_posNumber=0.25_stiLevel=0.4_disLevel=0.7_epoch=2000_batchSize=32_learningRate=0.15Time cluster: 20.432 seconds
Time train: 1054.472 seconds
Time model: 1094.91 seconds
List clusters: [[0, array([0., 0., 0., 0.])], [10602, array([0.00802129, 0.00810984, 0.0184696 , 0.01844325])], [381, array([0.0418344 , 0.04057883, 0.11069757, 0.109888  ])], [123, array([0.14010674, 0.13741687, 0.23668344, 0.24122221])], [14, array([0.41339229, 0.40451135, 0.5020795 , 0.50446544])], [0, array([0.70669614, 0.70225568, 0.75103975, 0.75223272])], [0, array([1., 1., 1., 1.])]]
w2: [[ 0.38526003]
 [ 0.24823236]
 [-0.10388813]
 [ 0.11995474]
 [-0.17608916]
 [ 0.02802446]
 [ 0.19921551]]
b2: [-0.11343585]
RMSE: 0.034
MAE: 0.021

------------------------------------------------------
_sliding=2_posNumber=0.25_stiLevel=0.5_disLevel=0.35_epoch=2000_batchSize=32_learningRate=0.15Time cluster: 18.171 seconds
Time train: 1068.087 seconds
Time model: 1107.724 seconds
List clusters: [[0, array([0., 0., 0., 0.])], [10602, array([0.00802129, 0.00810984, 0.0184696 , 0.01844325])], [381, array([0.0418344 , 0.04057883, 0.11069757, 0.109888  ])], [123, array([0.14010674, 0.13741687, 0.23668344, 0.24122221])], [0, array([0.27674951, 0.27096411, 0.36938147, 0.37284383])], [14, array([0.41339229, 0.40451135, 0.5020795 , 0.50446544])], [0, array([0.56004422, 0.55338352, 0.62655962, 0.62834908])], [0, array([0.70669614, 0.70225568, 0.75103975, 0.75223272])], [0, array([0.85334807, 0.85112784, 0.87551987, 0.87611636])], [0, array([1., 1., 1., 1.])]]
w2: [[ 0.19273478]
 [ 0.21765035]
 [-0.10570892]
 [-0.04854908]
 [ 0.1205929 ]
 [-0.19369353]
 [-0.19027913]
 [-0.18549187]
 [-0.10077415]
 [-0.04799091]]
b2: [0.57557301]
RMSE: 0.0329
MAE: 0.0199

------------------------------------------------------
_sliding=2_posNumber=0.25_stiLevel=0.5_disLevel=0.45_epoch=2000_batchSize=32_learningRate=0.15Time cluster: 19.087 seconds
Time train: 1086.842 seconds
Time model: 1129.083 seconds
List clusters: [[0, array([0., 0., 0., 0.])], [10604, array([0.00802318, 0.00811173, 0.01847789, 0.01845325])], [380, array([0.04214779, 0.04088852, 0.11107416, 0.11021462])], [122, array([0.14032626, 0.13761434, 0.23733503, 0.241911  ])], [0, array([0.27685927, 0.27106284, 0.36970726, 0.37318822])], [14, array([0.41339229, 0.40451135, 0.5020795 , 0.50446544])], [0, array([0.56004422, 0.55338352, 0.62655962, 0.62834908])], [0, array([0.70669614, 0.70225568, 0.75103975, 0.75223272])], [0, array([0.85334807, 0.85112784, 0.87551987, 0.87611636])], [0, array([1., 1., 1., 1.])]]
w2: [[ 0.38196286]
 [ 0.26962206]
 [-0.08241312]
 [ 0.07320107]
 [ 0.09941051]
 [-0.22568387]
 [-0.04379252]
 [ 0.06908405]
 [ 0.11363026]
 [ 0.15771246]]
b2: [-0.18708991]
RMSE: 0.034
MAE: 0.0211

------------------------------------------------------
_sliding=2_posNumber=0.25_stiLevel=0.5_disLevel=0.6_epoch=2000_batchSize=32_learningRate=0.15Time cluster: 14.919 seconds
Time train: 1101.849 seconds
Time model: 1138.487 seconds
List clusters: [[0, array([0., 0., 0., 0.])], [10602, array([0.00802129, 0.00810984, 0.0184696 , 0.01844325])], [381, array([0.0418344 , 0.04057883, 0.11069757, 0.109888  ])], [123, array([0.14010674, 0.13741687, 0.23668344, 0.24122221])], [14, array([0.41339229, 0.40451135, 0.5020795 , 0.50446544])], [0, array([0.70669614, 0.70225568, 0.75103975, 0.75223272])], [0, array([1., 1., 1., 1.])]]
w2: [[ 0.09831241]
 [ 0.20511161]
 [-0.14823921]
 [-0.00587583]
 [-0.34797837]
 [-0.27780298]
 [-0.29970948]]
b2: [0.81999397]
RMSE: 0.0332
MAE: 0.02

------------------------------------------------------
_sliding=2_posNumber=0.25_stiLevel=0.5_disLevel=0.7_epoch=2000_batchSize=32_learningRate=0.15Time cluster: 19.295 seconds
Time train: 1143.347 seconds
Time model: 1187.542 seconds
List clusters: [[0, array([0., 0., 0., 0.])], [10602, array([0.00802129, 0.00810984, 0.0184696 , 0.01844325])], [381, array([0.0418344 , 0.04057883, 0.11069757, 0.109888  ])], [123, array([0.14010674, 0.13741687, 0.23668344, 0.24122221])], [14, array([0.41339229, 0.40451135, 0.5020795 , 0.50446544])], [0, array([0.70669614, 0.70225568, 0.75103975, 0.75223272])], [0, array([1., 1., 1., 1.])]]
w2: [[ 0.07101117]
 [ 0.18831244]
 [-0.15040745]
 [-0.02727875]
 [-0.35783272]
 [-0.37070671]
 [-0.26485336]]
b2: [0.88497823]
RMSE: 0.033
MAE: 0.0197

------------------------------------------------------
_sliding=2_posNumber=0.4_stiLevel=0.2_disLevel=0.35_epoch=2000_batchSize=32_learningRate=0.15Time cluster: 110.587 seconds
Time train: 1101.36 seconds
Time model: 1276.547 seconds
List clusters: [[0, array([0., 0., 0., 0.])], [8928, array([0.00661504, 0.00670971, 0.01613562, 0.01603391])], [1437, array([0.01440141, 0.01448896, 0.02723031, 0.02765223])], [356, array([0.02477066, 0.02482015, 0.05988696, 0.06067169])], [170, array([0.03482616, 0.03174161, 0.11692121, 0.11310144])], [89, array([0.07900372, 0.08409972, 0.14191181, 0.14761231])], [17, array([0.21859473, 0.06236491, 0.2869845 , 0.21770276])], [43, array([0.05586381, 0.04990324, 0.23080438, 0.2224408 ])], [36, array([0.12168821, 0.16221247, 0.20087733, 0.22746092])], [32, array([0.21364479, 0.23244926, 0.27515266, 0.29468781])], [0, array([0.29138444, 0.21880652, 0.38233822, 0.35350596])], [0, array([0.44910342, 0.24956106, 0.50995727, 0.37717871])], [0, array([0.60682239, 0.28031561, 0.63757633, 0.40085147])], [0, array([0.8034112 , 0.30424878, 0.81878816, 0.45393329])], [0, array([0.58379267, 0.33974846, 0.64824005, 0.47162123])], [10, array([0.36417415, 0.37524813, 0.47769194, 0.48930916])], [0, array([0.52313061, 0.36348159, 0.60826895, 0.49373565])], [0, array([0.68208707, 0.35171504, 0.73884597, 0.49816214])], [0, array([0.84104354, 0.3399485 , 0.86942298, 0.50258863])], [1, array([1.        , 0.32818196, 1.        , 0.50701512])], [0, array([0.69903078, 0.42980903, 0.74159483, 0.5619985 ])], [0, array([0.54854617, 0.48062256, 0.61239225, 0.58949018])], [0, array([0.39806156, 0.5314361 , 0.48318967, 0.61698187])], [0, array([0.51727891, 0.52261119, 0.58112243, 0.62030174])], [0, array([0.43194897, 0.68762407, 0.48868739, 0.74465458])], [0, array([0.5114272 , 0.68174079, 0.5539759 , 0.74686783])], [0, array([0.46583639, 0.84381203, 0.49418512, 0.87232729])], [1, array([0.4997238 , 1.        , 0.49968284, 1.        ])], [0, array([1., 1., 1., 1.])]]
w2: [[ 0.4059044 ]
 [ 0.23905314]
 [ 0.05729436]
 [ 0.02401029]
 [-0.04511396]
 [ 0.01181475]
 [ 0.27576575]
 [-0.08340832]
 [-0.17008907]
 [ 0.08199041]
 [ 0.12646712]
 [ 0.0476293 ]
 [ 0.05423872]
 [ 0.06686171]
 [ 0.00792962]
 [-0.20174394]
 [-0.03671616]
 [ 0.01161371]
 [ 0.08520054]
 [ 0.0857423 ]
 [ 0.02326512]
 [-0.09361799]
 [-0.07761483]
 [-0.0865431 ]
 [-0.01978251]
 [-0.01135834]
 [ 0.01669733]
 [ 0.12647387]
 [ 0.20971526]]
b2: [-0.37742545]
RMSE: 0.0312
MAE: 0.0179

------------------------------------------------------
_sliding=2_posNumber=0.4_stiLevel=0.2_disLevel=0.45_epoch=2000_batchSize=32_learningRate=0.15Time cluster: 102.274 seconds
Time train: 1035.118 seconds
Time model: 1193.408 seconds
List clusters: [[0, array([0., 0., 0., 0.])], [8961, array([0.0066311 , 0.00672798, 0.01615829, 0.0160556 ])], [1409, array([0.0145274 , 0.01466895, 0.02739735, 0.02790069])], [352, array([0.02486914, 0.02456446, 0.06044824, 0.06092165])], [165, array([0.03361051, 0.03163678, 0.11660986, 0.11374569])], [87, array([0.08144051, 0.08055088, 0.13927891, 0.14144038])], [43, array([0.05196189, 0.04710889, 0.22486508, 0.21670373])], [41, array([0.11791008, 0.15360188, 0.19978265, 0.22255886])], [17, array([0.20921917, 0.06709758, 0.29587478, 0.23215711])], [33, array([0.21190887, 0.23221034, 0.27268968, 0.29424369])], [0, array([0.28669666, 0.22117286, 0.38678336, 0.36073314])], [0, array([0.60595443, 0.28019615, 0.63634484, 0.4006294 ])], [0, array([0.80297722, 0.30418905, 0.81817242, 0.45382226])], [0, array([0.58357568, 0.33971859, 0.64793218, 0.47156571])], [10, array([0.36417415, 0.37524813, 0.47769194, 0.48930916])], [0, array([0.68208707, 0.35171504, 0.73884597, 0.49816214])], [1, array([1.        , 0.32818196, 1.        , 0.50701512])], [0, array([0.77641956, 0.48414002, 0.78400692, 0.60366491])], [0, array([0.55701802, 0.51966955, 0.61376668, 0.62140836])], [0, array([0.43194897, 0.68762407, 0.48868739, 0.74465458])], [0, array([0.7498619 , 0.66409098, 0.74984142, 0.75350756])], [0, array([0.52837091, 0.75983478, 0.55672476, 0.81070418])], [1, array([0.4997238 , 1.        , 0.49968284, 1.        ])], [0, array([1., 1., 1., 1.])]]
w2: [[-4.85231328e-01]
 [-1.19137052e-01]
 [ 9.01907970e-02]
 [ 3.94096254e-02]
 [-1.83099241e-01]
 [ 2.06867438e-01]
 [-5.34681669e-01]
 [-2.43796235e-01]
 [ 1.71864609e-01]
 [ 2.99360578e-04]
 [ 7.33617299e-02]
 [-8.21930761e-02]
 [-1.91810455e-01]
 [-1.11044585e-01]
 [-9.85969092e-02]
 [-2.56945145e-01]
 [-2.50409354e-01]
 [-2.37945509e-01]
 [-2.29503763e-01]
 [-3.13548796e-01]
 [-2.81620825e-01]
 [-2.91404916e-01]
 [-3.55177081e-01]
 [-2.47606350e-01]]
b2: [2.6701371]
RMSE: 0.031
MAE: 0.0179

------------------------------------------------------
_sliding=2_posNumber=0.4_stiLevel=0.2_disLevel=0.6_epoch=2000_batchSize=32_learningRate=0.15Time cluster: 86.515 seconds
Time train: 1049.639 seconds
Time model: 1180.066 seconds
List clusters: [[0, array([0., 0., 0., 0.])], [8998, array([0.00664982, 0.00675504, 0.01618157, 0.0160836 ])], [1390, array([0.01471208, 0.01484195, 0.02779727, 0.02829122])], [343, array([0.02549385, 0.02477125, 0.06212692, 0.06241732])], [176, array([0.03749518, 0.03087385, 0.12446431, 0.11748416])], [77, array([0.07652303, 0.09307799, 0.13477907, 0.14975176])], [18, array([0.2152365 , 0.05996816, 0.28300591, 0.21276842])], [37, array([0.12108901, 0.16051803, 0.20069447, 0.22655959])], [37, array([0.06001108, 0.05492422, 0.2378848 , 0.2308221 ])], [32, array([0.21364479, 0.23244926, 0.27515266, 0.29468781])], [0, array([0.60682239, 0.28031561, 0.63757633, 0.40085147])], [10, array([0.36417415, 0.37524813, 0.47769194, 0.48930916])], [0, array([0.68208707, 0.35171504, 0.73884597, 0.49816214])], [1, array([1.        , 0.32818196, 1.        , 0.50701512])], [0, array([0.77850901, 0.42392576, 0.80688334, 0.56421174])], [0, array([0.55701802, 0.51966955, 0.61376668, 0.62140836])], [0, array([0.43194897, 0.68762407, 0.48868739, 0.74465458])], [0, array([0.7498619 , 0.66409098, 0.74984142, 0.75350756])], [0, array([0.52837091, 0.75983478, 0.55672476, 0.81070418])], [1, array([0.4997238 , 1.        , 0.49968284, 1.        ])], [0, array([1., 1., 1., 1.])]]
w2: [[-0.09405119]
 [ 0.05356786]
 [ 0.06904279]
 [ 0.01841229]
 [-0.07442236]
 [ 0.01734976]
 [ 0.28228351]
 [-0.18094436]
 [-0.34502824]
 [ 0.07908214]
 [-0.04901369]
 [-0.08755287]
 [-0.12769482]
 [-0.1373445 ]
 [-0.16717358]
 [-0.17410645]
 [-0.22047367]
 [-0.1624193 ]
 [-0.20758868]
 [-0.13749456]
 [-0.10915626]]
b2: [1.3975947]
RMSE: 0.03
MAE: 0.0164

------------------------------------------------------
_sliding=2_posNumber=0.4_stiLevel=0.2_disLevel=0.7_epoch=2000_batchSize=32_learningRate=0.15Time cluster: 87.116 seconds
Time train: 1032.754 seconds
Time model: 1164.342 seconds
List clusters: [[0, array([0., 0., 0., 0.])], [8989, array([0.00664116, 0.00674507, 0.01617046, 0.01607254])], [1399, array([0.01466402, 0.01480193, 0.02771922, 0.0282052 ])], [339, array([0.02541352, 0.02468542, 0.06177666, 0.06210764])], [158, array([0.03131991, 0.02916543, 0.12140912, 0.11712476])], [91, array([0.07641833, 0.08055408, 0.13261109, 0.13884152])], [18, array([0.2152365 , 0.05996816, 0.28300591, 0.21276842])], [41, array([0.11856272, 0.15425452, 0.19654166, 0.21931787])], [40, array([0.06003219, 0.05531974, 0.23440136, 0.22683791])], [32, array([0.20697203, 0.23207597, 0.26736282, 0.29479805])], [0, array([0.60348602, 0.28012896, 0.63368141, 0.40090659])], [11, array([0.36469355, 0.36263558, 0.47455168, 0.46996325])], [0, array([0.68234678, 0.34540877, 0.73727584, 0.48848918])], [1, array([1.        , 0.32818196, 1.        , 0.50701512])], [0, array([0.77580245, 0.48412322, 0.78334106, 0.60373421])], [0, array([0.55160491, 0.64006448, 0.56668213, 0.70045329])], [0, array([0.43220868, 0.68131779, 0.48711726, 0.73498162])], [0, array([0.7498619 , 0.66409098, 0.74984142, 0.75350756])], [1, array([0.4997238 , 1.        , 0.49968284, 1.        ])], [0, array([1., 1., 1., 1.])]]
w2: [[ 0.20207615]
 [ 0.18127047]
 [ 0.04461816]
 [ 0.03476713]
 [-0.0759045 ]
 [ 0.02792679]
 [ 0.33669809]
 [-0.18811688]
 [-0.20409156]
 [ 0.11840745]
 [-0.01665646]
 [-0.186041  ]
 [ 0.02020339]
 [-0.017019  ]
 [-0.05925909]
 [-0.15856601]
 [-0.12306757]
 [-0.04322692]
 [-0.00767156]
 [ 0.06137149]]
b2: [0.36444473]
RMSE: 0.0305
MAE: 0.0171

------------------------------------------------------
_sliding=2_posNumber=0.4_stiLevel=0.3_disLevel=0.35_epoch=2000_batchSize=32_learningRate=0.15Time cluster: 28.086 seconds
Time train: 1037.314 seconds
Time model: 1101.697 seconds
List clusters: [[0, array([0., 0., 0., 0.])], [10142, array([0.00742574, 0.00750595, 0.01725934, 0.01720181])], [579, array([0.02276805, 0.0227445 , 0.05104585, 0.05169093])], [246, array([0.04524749, 0.04579303, 0.12326508, 0.12295615])], [101, array([0.1068906 , 0.09682035, 0.21583455, 0.21239261])], [40, array([0.21057429, 0.2143081 , 0.27747673, 0.29030392])], [0, array([0.31951486, 0.31884835, 0.40026346, 0.41182308])], [12, array([0.42845544, 0.42338861, 0.52305019, 0.53334223])], [0, array([0.57134158, 0.56754145, 0.64228764, 0.65000667])], [0, array([0.71422772, 0.7116943 , 0.76152509, 0.76667111])], [0, array([0.85711386, 0.85584715, 0.88076255, 0.88333556])], [0, array([1., 1., 1., 1.])]]
w2: [[ 0.05033748]
 [ 0.12517258]
 [ 0.08134192]
 [-0.1274447 ]
 [-0.19510463]
 [ 0.17796644]
 [-0.06319888]
 [-0.25711936]
 [-0.22850213]
 [-0.22463813]
 [-0.19831052]
 [-0.23521339]]
b2: [1.04105985]
RMSE: 0.0308
MAE: 0.0176

------------------------------------------------------
_sliding=2_posNumber=0.4_stiLevel=0.3_disLevel=0.45_epoch=2000_batchSize=32_learningRate=0.15Time cluster: 30.05 seconds
Time train: 1031.537 seconds
Time model: 1091.111 seconds
List clusters: [[0, array([0., 0., 0., 0.])], [10154, array([0.00744433, 0.00752912, 0.01728115, 0.01722653])], [569, array([0.022843  , 0.0227344 , 0.05175949, 0.05237021])], [248, array([0.04681196, 0.04660089, 0.12408516, 0.12350396])], [98, array([0.10569669, 0.09881767, 0.21819571, 0.21605192])], [39, array([0.21412499, 0.2139442 , 0.27892933, 0.2903059 ])], [0, array([0.32129022, 0.3186664 , 0.40098976, 0.41182406])], [12, array([0.42845544, 0.42338861, 0.52305019, 0.53334223])], [0, array([0.57134158, 0.56754145, 0.64228764, 0.65000667])], [0, array([0.71422772, 0.7116943 , 0.76152509, 0.76667111])], [0, array([0.85711386, 0.85584715, 0.88076255, 0.88333556])], [0, array([1., 1., 1., 1.])]]
w2: [[ 0.42663826]
 [ 0.21692224]
 [ 0.05910401]
 [-0.08789507]
 [-0.01270122]
 [ 0.22876062]
 [-0.078838  ]
 [-0.20691071]
 [-0.01319186]
 [ 0.10947966]
 [ 0.1590202 ]
 [ 0.22093983]]
b2: [-0.33159148]
RMSE: 0.0321
MAE: 0.019

------------------------------------------------------
_sliding=2_posNumber=0.4_stiLevel=0.3_disLevel=0.6_epoch=2000_batchSize=32_learningRate=0.15Time cluster: 32.853 seconds
Time train: 1035.3 seconds
Time model: 1088.373 seconds
List clusters: [[0, array([0., 0., 0., 0.])], [10154, array([0.00744433, 0.00752912, 0.01728115, 0.01722653])], [569, array([0.022843  , 0.0227344 , 0.05175949, 0.05237021])], [247, array([0.0459614 , 0.04672049, 0.1238794 , 0.1236788 ])], [98, array([0.10758244, 0.09666012, 0.21772718, 0.21391001])], [40, array([0.21057429, 0.2143081 , 0.27747673, 0.29030392])], [12, array([0.42845544, 0.42338861, 0.52305019, 0.53334223])], [0, array([0.71422772, 0.7116943 , 0.76152509, 0.76667111])], [0, array([1., 1., 1., 1.])]]
w2: [[ 0.05954061]
 [ 0.19544779]
 [ 0.07348849]
 [-0.14597044]
 [-0.12142754]
 [ 0.13940732]
 [-0.40094683]
 [-0.32541022]
 [-0.24827678]]
b2: [0.8331099]
RMSE: 0.0315
MAE: 0.0185

------------------------------------------------------
_sliding=2_posNumber=0.4_stiLevel=0.3_disLevel=0.7_epoch=2000_batchSize=32_learningRate=0.15Time cluster: 28.137 seconds
Time train: 1035.949 seconds
Time model: 1085.009 seconds
List clusters: [[0, array([0., 0., 0., 0.])], [10137, array([0.00741766, 0.00749867, 0.01724098, 0.01718299])], [584, array([0.02262113, 0.02258563, 0.0507316 , 0.05137174])], [245, array([0.04514617, 0.04569119, 0.12288916, 0.12295619])], [101, array([0.10622703, 0.09616345, 0.21520779, 0.21085081])], [41, array([0.20878201, 0.21242475, 0.27750577, 0.2900201 ])], [12, array([0.42845544, 0.42338861, 0.52305019, 0.53334223])], [0, array([0.71422772, 0.7116943 , 0.76152509, 0.76667111])], [0, array([1., 1., 1., 1.])]]
w2: [[ 0.23264259]
 [ 0.1749405 ]
 [ 0.07459587]
 [-0.11792292]
 [-0.08590159]
 [ 0.16050254]
 [-0.31238883]
 [-0.14725199]
 [-0.13867816]]
b2: [0.47380107]
RMSE: 0.0314
MAE: 0.0183

------------------------------------------------------
_sliding=2_posNumber=0.4_stiLevel=0.4_disLevel=0.35_epoch=2000_batchSize=32_learningRate=0.15Time cluster: 15.213 seconds
Time train: 1055.234 seconds
Time model: 1097.766 seconds
List clusters: [[0, array([0., 0., 0., 0.])], [10605, array([0.00802337, 0.00811158, 0.01848331, 0.01845766])], [380, array([0.04239495, 0.04104724, 0.11137905, 0.11048026])], [121, array([0.14062664, 0.13819917, 0.23771082, 0.24253713])], [0, array([0.27700946, 0.27135526, 0.36989516, 0.37350129])], [14, array([0.41339229, 0.40451135, 0.5020795 , 0.50446544])], [0, array([0.56004422, 0.55338352, 0.62655962, 0.62834908])], [0, array([0.70669614, 0.70225568, 0.75103975, 0.75223272])], [0, array([0.85334807, 0.85112784, 0.87551987, 0.87611636])], [0, array([1., 1., 1., 1.])]]
w2: [[ 0.70654736]
 [ 0.29692631]
 [-0.02089558]
 [ 0.22208771]
 [-0.00586184]
 [-0.18544204]
 [ 0.21167258]
 [ 0.39999902]
 [ 0.52659836]
 [ 0.5869558 ]]
b2: [-1.53153429]
RMSE: 0.0351
MAE: 0.0224

------------------------------------------------------
_sliding=2_posNumber=0.4_stiLevel=0.4_disLevel=0.45_epoch=2000_batchSize=32_learningRate=0.15Time cluster: 16.81 seconds
Time train: 1044.19 seconds
Time model: 1076.6 seconds
List clusters: [[0, array([0., 0., 0., 0.])], [10602, array([0.00802129, 0.00810984, 0.0184696 , 0.01844325])], [382, array([0.04202155, 0.04076927, 0.11081927, 0.11001183])], [122, array([0.14032626, 0.13761434, 0.23733503, 0.241911  ])], [0, array([0.27685927, 0.27106284, 0.36970726, 0.37318822])], [14, array([0.41339229, 0.40451135, 0.5020795 , 0.50446544])], [0, array([0.56004422, 0.55338352, 0.62655962, 0.62834908])], [0, array([0.70669614, 0.70225568, 0.75103975, 0.75223272])], [0, array([0.85334807, 0.85112784, 0.87551987, 0.87611636])], [0, array([1., 1., 1., 1.])]]
w2: [[ 0.16836668]
 [ 0.23045222]
 [-0.1135077 ]
 [-0.0387051 ]
 [ 0.09496899]
 [-0.19139896]
 [-0.20052037]
 [-0.14865564]
 [-0.10970445]
 [-0.09837555]]
b2: [0.61881889]
RMSE: 0.0331
MAE: 0.0201

------------------------------------------------------
_sliding=2_posNumber=0.4_stiLevel=0.4_disLevel=0.6_epoch=2000_batchSize=32_learningRate=0.15Time cluster: 18.445 seconds
Time train: 1042.128 seconds
Time model: 1082.163 seconds
List clusters: [[0, array([0., 0., 0., 0.])], [10602, array([0.00802129, 0.00810984, 0.0184696 , 0.01844325])], [381, array([0.0418344 , 0.04057883, 0.11069757, 0.109888  ])], [123, array([0.14010674, 0.13741687, 0.23668344, 0.24122221])], [14, array([0.41339229, 0.40451135, 0.5020795 , 0.50446544])], [0, array([0.70669614, 0.70225568, 0.75103975, 0.75223272])], [0, array([1., 1., 1., 1.])]]
w2: [[ 0.54999294]
 [ 0.25429597]
 [-0.05859675]
 [ 0.14530272]
 [-0.06325216]
 [ 0.27053411]
 [ 0.43273178]]
b2: [-0.65440254]
RMSE: 0.034
MAE: 0.0211

------------------------------------------------------
_sliding=2_posNumber=0.4_stiLevel=0.4_disLevel=0.7_epoch=2000_batchSize=32_learningRate=0.15Time cluster: 15.078 seconds
Time train: 1045.431 seconds
Time model: 1078.72 seconds
List clusters: [[0, array([0., 0., 0., 0.])], [10602, array([0.00802129, 0.00810984, 0.0184696 , 0.01844325])], [381, array([0.0418344 , 0.04057883, 0.11069757, 0.109888  ])], [123, array([0.14010674, 0.13741687, 0.23668344, 0.24122221])], [14, array([0.41339229, 0.40451135, 0.5020795 , 0.50446544])], [0, array([0.70669614, 0.70225568, 0.75103975, 0.75223272])], [0, array([1., 1., 1., 1.])]]
w2: [[ 0.52018042]
 [ 0.25419202]
 [-0.0678885 ]
 [ 0.14477818]
 [-0.09352581]
 [ 0.23130522]
 [ 0.41585829]]
b2: [-0.57934337]
RMSE: 0.034
MAE: 0.0211

------------------------------------------------------
_sliding=2_posNumber=0.4_stiLevel=0.5_disLevel=0.35_epoch=2000_batchSize=32_learningRate=0.15Time cluster: 14.068 seconds
Time train: 1035.454 seconds
Time model: 1071.618 seconds
List clusters: [[0, array([0., 0., 0., 0.])], [10605, array([0.00802337, 0.00811158, 0.01848331, 0.01845766])], [380, array([0.04239495, 0.04104724, 0.11137905, 0.11048026])], [121, array([0.14062664, 0.13819917, 0.23771082, 0.24253713])], [0, array([0.27700946, 0.27135526, 0.36989516, 0.37350129])], [14, array([0.41339229, 0.40451135, 0.5020795 , 0.50446544])], [0, array([0.56004422, 0.55338352, 0.62655962, 0.62834908])], [0, array([0.70669614, 0.70225568, 0.75103975, 0.75223272])], [0, array([0.85334807, 0.85112784, 0.87551987, 0.87611636])], [0, array([1., 1., 1., 1.])]]
w2: [[ 0.16163802]
 [ 0.23179897]
 [-0.11983528]
 [-0.02489515]
 [ 0.06345058]
 [-0.18209928]
 [-0.16320243]
 [-0.19819477]
 [-0.08598581]
 [-0.1262215 ]]
b2: [0.64416399]
RMSE: 0.0332
MAE: 0.0202

------------------------------------------------------
_sliding=2_posNumber=0.4_stiLevel=0.5_disLevel=0.45_epoch=2000_batchSize=32_learningRate=0.15Time cluster: 15.037 seconds
Time train: 1061.374 seconds
Time model: 1103.581 seconds
List clusters: [[0, array([0., 0., 0., 0.])], [10602, array([0.00802129, 0.00810984, 0.0184696 , 0.01844325])], [381, array([0.0418344 , 0.04057883, 0.11069757, 0.109888  ])], [123, array([0.14010674, 0.13741687, 0.23668344, 0.24122221])], [0, array([0.27674951, 0.27096411, 0.36938147, 0.37284383])], [14, array([0.41339229, 0.40451135, 0.5020795 , 0.50446544])], [0, array([0.56004422, 0.55338352, 0.62655962, 0.62834908])], [0, array([0.70669614, 0.70225568, 0.75103975, 0.75223272])], [0, array([0.85334807, 0.85112784, 0.87551987, 0.87611636])], [0, array([1., 1., 1., 1.])]]
w2: [[ 0.39614924]
 [ 0.24876281]
 [-0.07380597]
 [ 0.04936051]
 [ 0.1292126 ]
 [-0.22804302]
 [-0.05527742]
 [ 0.08388614]
 [ 0.08650842]
 [ 0.10936072]]
b2: [-0.12690846]
RMSE: 0.0336
MAE: 0.0206

------------------------------------------------------
_sliding=2_posNumber=0.4_stiLevel=0.5_disLevel=0.6_epoch=2000_batchSize=32_learningRate=0.15Time cluster: 15.383 seconds
Time train: 1053.849 seconds
Time model: 1094.612 seconds
List clusters: [[0, array([0., 0., 0., 0.])], [10602, array([0.00802129, 0.00810984, 0.0184696 , 0.01844325])], [381, array([0.0418344 , 0.04057883, 0.11069757, 0.109888  ])], [123, array([0.14010674, 0.13741687, 0.23668344, 0.24122221])], [14, array([0.41339229, 0.40451135, 0.5020795 , 0.50446544])], [0, array([0.70669614, 0.70225568, 0.75103975, 0.75223272])], [0, array([1., 1., 1., 1.])]]
w2: [[ 0.0916433 ]
 [ 0.20655659]
 [-0.15042924]
 [-0.00432996]
 [-0.36322086]
 [-0.30431448]
 [-0.20195065]]
b2: [0.7603702]
RMSE: 0.0332
MAE: 0.02

