------------------------------------------------------
_sliding=2_posNumber=0.05_stiLevel=0.2_disLevel=0.35_epoch=2000_batchSize=32_learningRate=0.15Time cluster: 55.248 seconds
Time train: 673.858 seconds
Time model: 762.933 seconds
List clusters: [[0, array([0., 0., 0., 0.])], [8991, array([0.01617383, 0.0160745 , 0.00664274, 0.00674704])], [1397, array([0.02773061, 0.02822736, 0.0146768 , 0.01481234])], [342, array([0.06209569, 0.06238694, 0.02519684, 0.02447214])], [192, array([0.12300619, 0.11717437, 0.0417758 , 0.03577496])], [47, array([0.22366015, 0.21183977, 0.05669392, 0.04852244])], [17, array([0.2869845 , 0.21770276, 0.21859473, 0.06236491])], [60, array([0.13508982, 0.16129818, 0.08516813, 0.1131489 ])], [36, array([0.22508345, 0.24708842, 0.12824655, 0.16693234])], [0, array([0.38233822, 0.35350596, 0.29138444, 0.21880652])], [26, array([0.27948442, 0.29753465, 0.22697872, 0.23880724])], [0, array([0.63974221, 0.40227489, 0.61348936, 0.2834946 ])], [0, array([0.8198711 , 0.454645  , 0.80674468, 0.30583828])], [1, array([1.        , 0.50701512, 1.        , 0.32818196])], [0, array([0.86942298, 0.50258863, 0.84104354, 0.3399485 ])], [0, array([0.73884597, 0.49816214, 0.68208707, 0.35171504])], [0, array([0.60826895, 0.49373565, 0.52313061, 0.36348159])], [10, array([0.47769194, 0.48930916, 0.36417415, 0.37524813])], [0, array([0.61101782, 0.55757201, 0.54007432, 0.44157557])], [0, array([0.7443437 , 0.62583485, 0.71597449, 0.50790301])], [0, array([0.61376668, 0.62140836, 0.55701802, 0.51966955])], [0, array([0.48318967, 0.61698187, 0.39806156, 0.5314361 ])], [0, array([0.61651554, 0.68524472, 0.57396173, 0.59776354])], [0, array([0.48868739, 0.74465458, 0.43194897, 0.68762407])], [0, array([0.55809919, 0.84262236, 0.53684276, 0.79888177])], [0, array([0.49418512, 0.87232729, 0.46583639, 0.84381203])], [1, array([0.49968284, 1.        , 0.4997238 , 1.        ])], [0, array([1., 1., 1., 1.])]]
w2: [[-0.32061621]
 [-0.05933293]
 [-0.04699942]
 [ 0.02274992]
 [ 0.07198478]
 [ 0.04623966]
 [ 0.34905751]
 [-0.31701735]
 [-0.29470057]
 [ 0.02014602]
 [ 0.01268591]
 [-0.05324265]
 [-0.05107057]
 [-0.12996518]
 [-0.07000305]
 [-0.07184184]
 [-0.08436299]
 [-0.08603689]
 [-0.10255509]
 [-0.08689592]
 [-0.13727639]
 [-0.19724282]
 [-0.07929021]
 [-0.12916457]
 [-0.14155209]
 [-0.17448786]
 [-0.11605832]
 [-0.11641201]]
b2: [1.54717488]
RMSE: 0.4174
MAE: 0.266

------------------------------------------------------
_sliding=2_posNumber=0.05_stiLevel=0.2_disLevel=0.45_epoch=2000_batchSize=32_learningRate=0.15Time cluster: 57.278 seconds
Time train: 680.541 seconds
Time model: 763.334 seconds
List clusters: [[0, array([0., 0., 0., 0.])], [8985, array([0.01616882, 0.01607053, 0.00663992, 0.0067432 ])], [1400, array([0.02765663, 0.02815969, 0.01465524, 0.01480114])], [339, array([0.06134878, 0.06171081, 0.025277  , 0.0246587 ])], [167, array([0.11738479, 0.11370185, 0.03446003, 0.03171495])], [43, array([0.23080438, 0.2224408 , 0.05586381, 0.04990324])], [17, array([0.2869845 , 0.21770276, 0.21859473, 0.06236491])], [89, array([0.14191181, 0.14761231, 0.07900372, 0.08409972])], [36, array([0.20087733, 0.22746092, 0.12168821, 0.16221247])], [0, array([0.38233822, 0.35350596, 0.29138444, 0.21880652])], [32, array([0.27515266, 0.29468781, 0.21364479, 0.23244926])], [0, array([0.63757633, 0.40085147, 0.60682239, 0.28031561])], [0, array([0.81878816, 0.45393329, 0.8034112 , 0.30424878])], [1, array([1.        , 0.50701512, 1.        , 0.32818196])], [0, array([0.73884597, 0.49816214, 0.68208707, 0.35171504])], [10, array([0.47769194, 0.48930916, 0.36417415, 0.37524813])], [0, array([0.61101782, 0.55757201, 0.54007432, 0.44157557])], [0, array([0.7443437 , 0.62583485, 0.71597449, 0.50790301])], [0, array([0.61926441, 0.74908107, 0.59090544, 0.67585752])], [0, array([0.48868739, 0.74465458, 0.43194897, 0.68762407])], [1, array([0.49968284, 1.        , 0.4997238 , 1.        ])], [0, array([1., 1., 1., 1.])]]
w2: [[-0.05003725]
 [ 0.02584622]
 [-0.06600508]
 [ 0.01357276]
 [ 0.10393071]
 [ 0.14388314]
 [ 0.41428895]
 [-0.23749655]
 [-0.31648504]
 [-0.02118343]
 [-0.03284713]
 [-0.05653588]
 [-0.00425043]
 [ 0.04455222]
 [-0.03849345]
 [-0.26661895]
 [-0.15168096]
 [-0.07373122]
 [-0.09732289]
 [-0.11771912]
 [-0.06274117]
 [ 0.05801359]]
b2: [0.55747553]
RMSE: 0.4165
MAE: 0.2641

------------------------------------------------------
_sliding=2_posNumber=0.05_stiLevel=0.2_disLevel=0.6_epoch=2000_batchSize=32_learningRate=0.15Time cluster: 57.757 seconds
Time train: 673.776 seconds
Time model: 755.148 seconds
List clusters: [[0, array([0., 0., 0., 0.])], [9024, array([0.01620168, 0.01610097, 0.00666646, 0.0067671 ])], [1370, array([0.02799323, 0.02855953, 0.01477705, 0.01499787])], [344, array([0.06329548, 0.06331111, 0.0258238 , 0.02462823])], [190, array([0.12663977, 0.12023076, 0.04131607, 0.03496358])], [38, array([0.23649719, 0.22962035, 0.06019509, 0.05524209])], [18, array([0.28300591, 0.21276842, 0.2152365 , 0.05996816])], [61, array([0.13681552, 0.15862439, 0.08255619, 0.10877719])], [33, array([0.21364846, 0.23815148, 0.12252795, 0.16463842])], [30, array([0.27333914, 0.29397611, 0.22006756, 0.2356073 ])], [0, array([0.63666957, 0.40049561, 0.61003378, 0.28189463])], [1, array([1.        , 0.50701512, 1.        , 0.32818196])], [0, array([0.73884597, 0.49816214, 0.68208707, 0.35171504])], [10, array([0.47769194, 0.48930916, 0.36417415, 0.37524813])], [0, array([0.7443437 , 0.62583485, 0.71597449, 0.50790301])], [0, array([0.74984142, 0.75350756, 0.7498619 , 0.66409098])], [0, array([0.61926441, 0.74908107, 0.59090544, 0.67585752])], [0, array([0.48868739, 0.74465458, 0.43194897, 0.68762407])], [1, array([0.49968284, 1.        , 0.4997238 , 1.        ])], [0, array([1., 1., 1., 1.])]]
w2: [[-0.09189856]
 [-0.01920438]
 [-0.04196249]
 [ 0.00767887]
 [ 0.10547986]
 [ 0.13011939]
 [ 0.36826986]
 [-0.30038488]
 [-0.27201225]
 [-0.03194972]
 [-0.05669677]
 [-0.01173483]
 [-0.0824822 ]
 [-0.26902782]
 [-0.11938756]
 [-0.09576621]
 [-0.1497706 ]
 [-0.18565536]
 [-0.07876907]
 [ 0.0399976 ]]
b2: [0.79886542]
RMSE: 0.415
MAE: 0.2626

------------------------------------------------------
_sliding=2_posNumber=0.05_stiLevel=0.2_disLevel=0.7_epoch=2000_batchSize=32_learningRate=0.15Time cluster: 56.736 seconds
Time train: 678.658 seconds
Time model: 757.846 seconds
List clusters: [[0, array([0., 0., 0., 0.])], [8994, array([0.0161763 , 0.01607825, 0.00664413, 0.00675067])], [1394, array([0.02775614, 0.02824682, 0.01469672, 0.01481786])], [339, array([0.06177666, 0.06210764, 0.02541352, 0.02468542])], [158, array([0.12140912, 0.11712476, 0.03131991, 0.02916543])], [40, array([0.23440136, 0.22683791, 0.06003219, 0.05531974])], [18, array([0.28300591, 0.21276842, 0.2152365 , 0.05996816])], [91, array([0.13261109, 0.13884152, 0.07641833, 0.08055408])], [41, array([0.19654166, 0.21931787, 0.11856272, 0.15425452])], [32, array([0.26736282, 0.29479805, 0.20697203, 0.23207597])], [0, array([0.63368141, 0.40090659, 0.60348602, 0.28012896])], [1, array([1.        , 0.50701512, 1.        , 0.32818196])], [0, array([0.73727584, 0.48848918, 0.68234678, 0.34540877])], [11, array([0.47455168, 0.46996325, 0.36469355, 0.36263558])], [0, array([0.74355863, 0.62099837, 0.71610434, 0.50474987])], [0, array([0.74984142, 0.75350756, 0.7498619 , 0.66409098])], [0, array([0.61847934, 0.74424459, 0.59103529, 0.67270438])], [0, array([0.48711726, 0.73498162, 0.43220868, 0.68131779])], [1, array([0.49968284, 1.        , 0.4997238 , 1.        ])], [0, array([1., 1., 1., 1.])]]
w2: [[-0.05803094]
 [ 0.00096139]
 [-0.06416786]
 [ 0.01589886]
 [ 0.12570481]
 [ 0.0991231 ]
 [ 0.39450681]
 [-0.22885909]
 [-0.28538627]
 [-0.06647799]
 [-0.04756393]
 [ 0.00708754]
 [-0.05792814]
 [-0.31397047]
 [-0.0975845 ]
 [-0.10022916]
 [-0.13046468]
 [-0.1199171 ]
 [-0.09355815]
 [ 0.05087259]]
b2: [0.68628408]
RMSE: 0.4175
MAE: 0.2654

------------------------------------------------------
_sliding=2_posNumber=0.05_stiLevel=0.3_disLevel=0.35_epoch=2000_batchSize=32_learningRate=0.15Time cluster: 23.222 seconds
Time train: 670.976 seconds
Time model: 714.508 seconds
List clusters: [[0, array([0., 0., 0., 0.])], [10153, array([0.01727782, 0.0172225 , 0.00744002, 0.0075222 ])], [570, array([0.05163721, 0.05225679, 0.02283883, 0.02277765])], [245, array([0.1233311 , 0.12350608, 0.04572966, 0.0464922 ])], [93, array([0.21811024, 0.21061082, 0.10389715, 0.08979041])], [47, array([0.26668454, 0.28251501, 0.20111306, 0.20944422])], [0, array([0.37318783, 0.4091253 , 0.28880495, 0.32074399])], [0, array([0.52989087, 0.43359776, 0.46660371, 0.32260348])], [0, array([0.68659391, 0.45807021, 0.64440247, 0.32446297])], [0, array([0.84329696, 0.48254267, 0.82220124, 0.32632247])], [1, array([1.        , 0.50701512, 1.        , 0.32818196])], [0, array([0.86992278, 0.51419524, 0.84412421, 0.35414741])], [0, array([0.72653265, 0.50554907, 0.67728693, 0.36620039])], [0, array([0.58314251, 0.49690291, 0.51044966, 0.37825336])], [0, array([0.73984556, 0.52137536, 0.68824842, 0.38011286])], [11, array([0.47969111, 0.5357356 , 0.37649684, 0.43204375])], [0, array([1., 1., 1., 1.])]]
w2: [[-0.24064178]
 [-0.0810351 ]
 [-0.01000212]
 [-0.0891131 ]
 [ 0.03428704]
 [ 0.02335218]
 [-0.14996737]
 [-0.12057998]
 [-0.07648096]
 [-0.12639499]
 [-0.0582654 ]
 [-0.17163544]
 [-0.11512059]
 [-0.13916224]
 [-0.06910609]
 [-0.29293671]
 [-0.13903027]]
b2: [1.15113072]
RMSE: 0.4557
MAE: 0.2944

------------------------------------------------------
_sliding=2_posNumber=0.05_stiLevel=0.3_disLevel=0.45_epoch=2000_batchSize=32_learningRate=0.15Time cluster: 22.91 seconds
Time train: 671.14 seconds
Time model: 711.259 seconds
List clusters: [[0, array([0., 0., 0., 0.])], [10154, array([0.01728115, 0.01722653, 0.00744433, 0.00752912])], [569, array([0.05175949, 0.05237021, 0.022843  , 0.0227344 ])], [245, array([0.1233311 , 0.12350608, 0.04572966, 0.0464922 ])], [93, array([0.21811024, 0.21061082, 0.10389715, 0.08979041])], [47, array([0.26668454, 0.28251501, 0.20111306, 0.20944422])], [0, array([0.4500134 , 0.33864003, 0.40083479, 0.23912865])], [0, array([0.63334227, 0.39476506, 0.60055653, 0.26881309])], [0, array([0.81667113, 0.45089009, 0.80027826, 0.29849752])], [1, array([1.        , 0.50701512, 1.        , 0.32818196])], [0, array([0.73984556, 0.52137536, 0.68824842, 0.38011286])], [11, array([0.47969111, 0.5357356 , 0.37649684, 0.43204375])], [0, array([0.73984556, 0.64462158, 0.68824842, 0.54806737])], [0, array([1.        , 0.75350756, 1.        , 0.66409098])], [0, array([1., 1., 1., 1.])]]
w2: [[-2.62862516e-02]
 [-3.14853007e-04]
 [-3.36598454e-02]
 [-2.73997525e-02]
 [ 1.07127241e-01]
 [-8.21558068e-02]
 [-5.14287929e-02]
 [-3.23202439e-02]
 [-1.44873738e-02]
 [ 3.37632250e-02]
 [-1.02099968e-01]
 [-3.60552709e-01]
 [-8.65174299e-02]
 [-5.05876084e-03]
 [-5.06181589e-03]]
b2: [0.48054897]
RMSE: 0.4486
MAE: 0.2867

------------------------------------------------------
_sliding=2_posNumber=0.05_stiLevel=0.3_disLevel=0.6_epoch=2000_batchSize=32_learningRate=0.15Time cluster: 22.111 seconds
Time train: 673.992 seconds
Time model: 711.905 seconds
List clusters: [[0, array([0., 0., 0., 0.])], [10086, array([0.01717352, 0.01711711, 0.00736758, 0.00744754])], [625, array([0.04882831, 0.04937728, 0.02205741, 0.02214684])], [244, array([0.11970842, 0.11953183, 0.04403427, 0.0433175 ])], [97, array([0.20299007, 0.20206634, 0.09058897, 0.09136972])], [56, array([0.27076976, 0.27501272, 0.20006302, 0.18761622])], [0, array([0.63538488, 0.39101392, 0.60003151, 0.25789909])], [1, array([1.        , 0.50701512, 1.        , 0.32818196])], [0, array([0.73984556, 0.52137536, 0.68824842, 0.38011286])], [11, array([0.47969111, 0.5357356 , 0.37649684, 0.43204375])], [0, array([0.73984556, 0.64462158, 0.68824842, 0.54806737])], [0, array([1.        , 0.75350756, 1.        , 0.66409098])], [0, array([1., 1., 1., 1.])]]
w2: [[ 0.50997145]
 [ 0.18343811]
 [-0.10441803]
 [ 0.1212127 ]
 [ 0.20715124]
 [-0.02493527]
 [ 0.11494879]
 [ 0.35267252]
 [ 0.18220047]
 [-0.20145508]
 [ 0.18601087]
 [ 0.34737789]
 [ 0.42362644]]
b2: [-1.37368025]
RMSE: 0.4611
MAE: 0.2945

------------------------------------------------------
_sliding=2_posNumber=0.05_stiLevel=0.3_disLevel=0.7_epoch=2000_batchSize=32_learningRate=0.15Time cluster: 22.968 seconds
Time train: 674.951 seconds
Time model: 714.656 seconds
List clusters: [[0, array([0., 0., 0., 0.])], [10153, array([0.01728034, 0.01722503, 0.00744359, 0.00752575])], [570, array([0.05171318, 0.05233495, 0.02282918, 0.02276778])], [245, array([0.1233311 , 0.12350608, 0.04572966, 0.0464922 ])], [93, array([0.21811024, 0.21061082, 0.10389715, 0.08979041])], [47, array([0.26668454, 0.28251501, 0.20111306, 0.20944422])], [0, array([0.63334227, 0.39476506, 0.60055653, 0.26881309])], [1, array([1.        , 0.50701512, 1.        , 0.32818196])], [0, array([0.73984556, 0.52137536, 0.68824842, 0.38011286])], [11, array([0.47969111, 0.5357356 , 0.37649684, 0.43204375])], [0, array([0.73984556, 0.64462158, 0.68824842, 0.54806737])], [0, array([1.        , 0.75350756, 1.        , 0.66409098])], [0, array([1., 1., 1., 1.])]]
w2: [[ 0.09564934]
 [ 0.01186093]
 [-0.04846873]
 [ 0.00949493]
 [ 0.12233155]
 [-0.08349657]
 [-0.01654088]
 [ 0.0233509 ]
 [-0.04008336]
 [-0.34683901]
 [-0.02757573]
 [ 0.04557589]
 [ 0.08363333]]
b2: [0.17786044]
RMSE: 0.4487
MAE: 0.2871

------------------------------------------------------
_sliding=2_posNumber=0.05_stiLevel=0.4_disLevel=0.35_epoch=2000_batchSize=32_learningRate=0.15Time cluster: 13.588 seconds
Time train: 674.409 seconds
Time model: 702.145 seconds
List clusters: [[0, array([0., 0., 0., 0.])], [10274, array([0.01748331, 0.01744043, 0.00756882, 0.00765251])], [514, array([0.0611104 , 0.06158936, 0.02502176, 0.02526138])], [227, array([0.14597001, 0.14458893, 0.05741766, 0.05525896])], [93, array([0.25330272, 0.2574903 , 0.16293391, 0.15836794])], [0, array([0.38817645, 0.39541627, 0.29569467, 0.29087827])], [12, array([0.52305019, 0.53334223, 0.42845544, 0.42338861])], [0, array([0.64228764, 0.65000667, 0.57134158, 0.56754145])], [0, array([0.76152509, 0.76667111, 0.71422772, 0.7116943 ])], [0, array([0.88076255, 0.88333556, 0.85711386, 0.85584715])], [0, array([1., 1., 1., 1.])]]
w2: [[ 0.17976077]
 [ 0.02392107]
 [-0.05573018]
 [ 0.0994047 ]
 [ 0.11431008]
 [-0.24635452]
 [-0.21122367]
 [ 0.01310737]
 [ 0.09047735]
 [ 0.15525458]
 [ 0.23788028]]
b2: [-0.22420673]
RMSE: 0.4536
MAE: 0.2905

------------------------------------------------------
_sliding=2_posNumber=0.05_stiLevel=0.4_disLevel=0.45_epoch=2000_batchSize=32_learningRate=0.15Time cluster: 13.883 seconds
Time train: 674.659 seconds
Time model: 703.516 seconds
List clusters: [[0, array([0., 0., 0., 0.])], [10281, array([0.01750069, 0.01745794, 0.00758051, 0.00766628])], [511, array([0.06209952, 0.06238858, 0.02511524, 0.02529049])], [225, array([0.14746109, 0.14631631, 0.05834833, 0.05594037])], [91, array([0.25344503, 0.25817036, 0.16461274, 0.16062077])], [0, array([0.38824761, 0.39575629, 0.29653409, 0.29200469])], [12, array([0.52305019, 0.53334223, 0.42845544, 0.42338861])], [0, array([0.64228764, 0.65000667, 0.57134158, 0.56754145])], [0, array([0.76152509, 0.76667111, 0.71422772, 0.7116943 ])], [0, array([0.88076255, 0.88333556, 0.85711386, 0.85584715])], [0, array([1., 1., 1., 1.])]]
w2: [[ 0.08745497]
 [-0.02615166]
 [-0.04453922]
 [ 0.06038113]
 [ 0.06124591]
 [-0.18586229]
 [-0.27176038]
 [-0.06122378]
 [-0.04891076]
 [ 0.03762521]
 [ 0.10059822]]
b2: [0.24356823]
RMSE: 0.4513
MAE: 0.2907

------------------------------------------------------
_sliding=2_posNumber=0.05_stiLevel=0.4_disLevel=0.6_epoch=2000_batchSize=32_learningRate=0.15Time cluster: 12.522 seconds
Time train: 676.431 seconds
Time model: 699.103 seconds
List clusters: [[0, array([0., 0., 0., 0.])], [10281, array([0.01750069, 0.01745794, 0.00758051, 0.00766628])], [511, array([0.06209952, 0.06238858, 0.02511524, 0.02529049])], [225, array([0.14746109, 0.14631631, 0.05834833, 0.05594037])], [91, array([0.25344503, 0.25817036, 0.16461274, 0.16062077])], [12, array([0.52305019, 0.53334223, 0.42845544, 0.42338861])], [0, array([0.76152509, 0.76667111, 0.71422772, 0.7116943 ])], [0, array([1., 1., 1., 1.])]]
w2: [[ 0.45098675]
 [ 0.10621175]
 [-0.06279944]
 [ 0.20914757]
 [ 0.04252307]
 [ 0.01485995]
 [ 0.38536916]
 [ 0.48156418]]
b2: [-0.87708566]
RMSE: 0.465
MAE: 0.2994

------------------------------------------------------
_sliding=2_posNumber=0.05_stiLevel=0.4_disLevel=0.7_epoch=2000_batchSize=32_learningRate=0.15Time cluster: 11.978 seconds
Time train: 679.393 seconds
Time model: 700.611 seconds
List clusters: [[0, array([0., 0., 0., 0.])], [10274, array([0.01748572, 0.01744285, 0.00756896, 0.00765265])], [515, array([0.06134622, 0.0617865 , 0.02509815, 0.02527779])], [228, array([0.1471489 , 0.1456752 , 0.05785483, 0.05556143])], [91, array([0.25344503, 0.25817036, 0.16461274, 0.16062077])], [12, array([0.52305019, 0.53334223, 0.42845544, 0.42338861])], [0, array([0.76152509, 0.76667111, 0.71422772, 0.7116943 ])], [0, array([1., 1., 1., 1.])]]
w2: [[ 0.02267813]
 [ 0.02258144]
 [-0.05677276]
 [ 0.07098617]
 [-0.02985213]
 [-0.38344407]
 [-0.1505795 ]
 [-0.10846719]]
b2: [0.52876126]
RMSE: 0.4511
MAE: 0.2906

------------------------------------------------------
_sliding=2_posNumber=0.05_stiLevel=0.5_disLevel=0.35_epoch=2000_batchSize=32_learningRate=0.15Time cluster: 9.815 seconds
Time train: 675.975 seconds
Time model: 697.454 seconds
List clusters: [[0, array([0., 0., 0., 0.])], [10602, array([0.0184696 , 0.01844325, 0.00802129, 0.00810984])], [381, array([0.11069757, 0.109888  , 0.0418344 , 0.04057883])], [123, array([0.23668344, 0.24122221, 0.14010674, 0.13741687])], [0, array([0.36938147, 0.37284383, 0.27674951, 0.27096411])], [14, array([0.5020795 , 0.50446544, 0.41339229, 0.40451135])], [0, array([0.62655962, 0.62834908, 0.56004422, 0.55338352])], [0, array([0.75103975, 0.75223272, 0.70669614, 0.70225568])], [0, array([0.87551987, 0.87611636, 0.85334807, 0.85112784])], [0, array([1., 1., 1., 1.])]]
w2: [[ 0.13784957]
 [-0.0327224 ]
 [ 0.01184061]
 [ 0.13295004]
 [-0.15457641]
 [-0.28644343]
 [-0.07651051]
 [ 0.04674925]
 [ 0.05963349]
 [ 0.15681472]]
b2: [0.06049401]
RMSE: 0.4521
MAE: 0.291

------------------------------------------------------
_sliding=2_posNumber=0.05_stiLevel=0.5_disLevel=0.45_epoch=2000_batchSize=32_learningRate=0.15Time cluster: 9.931 seconds
Time train: 679.114 seconds
Time model: 701.622 seconds
List clusters: [[0, array([0., 0., 0., 0.])], [10602, array([0.0184696 , 0.01844325, 0.00802129, 0.00810984])], [381, array([0.11069757, 0.109888  , 0.0418344 , 0.04057883])], [123, array([0.23668344, 0.24122221, 0.14010674, 0.13741687])], [0, array([0.36938147, 0.37284383, 0.27674951, 0.27096411])], [14, array([0.5020795 , 0.50446544, 0.41339229, 0.40451135])], [0, array([0.62655962, 0.62834908, 0.56004422, 0.55338352])], [0, array([0.75103975, 0.75223272, 0.70669614, 0.70225568])], [0, array([0.87551987, 0.87611636, 0.85334807, 0.85112784])], [0, array([1., 1., 1., 1.])]]
w2: [[ 0.05047009]
 [-0.05178651]
 [-0.00382598]
 [ 0.08088363]
 [-0.11187211]
 [-0.3295997 ]
 [-0.15435469]
 [-0.04792508]
 [ 0.00113889]
 [ 0.06913805]]
b2: [0.37782112]
RMSE: 0.4507
MAE: 0.2911

------------------------------------------------------
_sliding=2_posNumber=0.05_stiLevel=0.5_disLevel=0.6_epoch=2000_batchSize=32_learningRate=0.15Time cluster: 9.417 seconds
Time train: 672.663 seconds
Time model: 690.77 seconds
List clusters: [[0, array([0., 0., 0., 0.])], [10602, array([0.0184696 , 0.01844325, 0.00802129, 0.00810984])], [381, array([0.11069757, 0.109888  , 0.0418344 , 0.04057883])], [123, array([0.23668344, 0.24122221, 0.14010674, 0.13741687])], [14, array([0.5020795 , 0.50446544, 0.41339229, 0.40451135])], [0, array([0.75103975, 0.75223272, 0.70669614, 0.70225568])], [0, array([1., 1., 1., 1.])]]
w2: [[ 2.86686258e-01]
 [-1.79481630e-04]
 [ 6.18090349e-02]
 [ 9.89878533e-02]
 [-2.43598480e-01]
 [ 1.68991212e-01]
 [ 2.68646774e-01]]
b2: [-0.27874621]
RMSE: 0.4575
MAE: 0.2959

------------------------------------------------------
_sliding=2_posNumber=0.05_stiLevel=0.5_disLevel=0.7_epoch=2000_batchSize=32_learningRate=0.15Time cluster: 11.082 seconds
Time train: 673.97 seconds
Time model: 693.973 seconds
List clusters: [[0, array([0., 0., 0., 0.])], [10602, array([0.0184696 , 0.01844325, 0.00802129, 0.00810984])], [381, array([0.11069757, 0.109888  , 0.0418344 , 0.04057883])], [123, array([0.23668344, 0.24122221, 0.14010674, 0.13741687])], [14, array([0.5020795 , 0.50446544, 0.41339229, 0.40451135])], [0, array([0.75103975, 0.75223272, 0.70669614, 0.70225568])], [0, array([1., 1., 1., 1.])]]
w2: [[ 0.03717189]
 [-0.03290722]
 [ 0.00156962]
 [ 0.04454254]
 [-0.46235983]
 [-0.14835698]
 [-0.04664808]]
b2: [0.4977645]
RMSE: 0.451
MAE: 0.292

------------------------------------------------------
_sliding=2_posNumber=0.15_stiLevel=0.2_disLevel=0.35_epoch=2000_batchSize=32_learningRate=0.15Time cluster: 50.456 seconds
Time train: 662.139 seconds
Time model: 745.2 seconds
List clusters: [[0, array([0., 0., 0., 0.])], [9131, array([0.01625823, 0.01616915, 0.006713  , 0.00681727])], [1293, array([0.02882953, 0.02938655, 0.01529726, 0.01537719])], [336, array([0.06759331, 0.06674287, 0.02539091, 0.02445815])], [45, array([0.22459126, 0.21146691, 0.05547226, 0.04632097])], [197, array([0.12563289, 0.12638248, 0.04963255, 0.04963077])], [18, array([0.28915445, 0.2237217 , 0.21186811, 0.06431772])], [55, array([0.18824432, 0.20949182, 0.11222148, 0.14353432])], [0, array([0.3834232 , 0.35651543, 0.28802113, 0.21978293])], [33, array([0.27268968, 0.29424369, 0.21190887, 0.23221034])], [0, array([0.63634484, 0.4006294 , 0.60595443, 0.28019615])], [0, array([0.81817242, 0.45382226, 0.80297722, 0.30418905])], [1, array([1.        , 0.50701512, 1.        , 0.32818196])], [0, array([0.86942298, 0.50258863, 0.84104354, 0.3399485 ])], [0, array([0.73884597, 0.49816214, 0.68208707, 0.35171504])], [0, array([0.60826895, 0.49373565, 0.52313061, 0.36348159])], [10, array([0.47769194, 0.48930916, 0.36417415, 0.37524813])], [0, array([0.61101782, 0.55757201, 0.54007432, 0.44157557])], [0, array([0.7443437 , 0.62583485, 0.71597449, 0.50790301])], [0, array([0.61376668, 0.62140836, 0.55701802, 0.51966955])], [0, array([0.48318967, 0.61698187, 0.39806156, 0.5314361 ])], [0, array([0.61651554, 0.68524472, 0.57396173, 0.59776354])], [0, array([0.48868739, 0.74465458, 0.43194897, 0.68762407])], [0, array([0.55809919, 0.84262236, 0.53684276, 0.79888177])], [0, array([0.49418512, 0.87232729, 0.46583639, 0.84381203])], [1, array([0.49968284, 1.        , 0.4997238 , 1.        ])], [0, array([1., 1., 1., 1.])]]
w2: [[ 0.01483388]
 [ 0.03736779]
 [-0.08104054]
 [ 0.06171576]
 [ 0.20137698]
 [-0.04789005]
 [ 0.3544132 ]
 [-0.44358383]
 [-0.00289469]
 [ 0.0045209 ]
 [ 0.01815962]
 [ 0.0606638 ]
 [ 0.0455221 ]
 [-0.01006294]
 [ 0.0157461 ]
 [-0.04785902]
 [-0.22078872]
 [-0.07745246]
 [ 0.05057897]
 [-0.09560311]
 [-0.21475582]
 [-0.06062684]
 [-0.05832791]
 [-0.00261515]
 [-0.04829381]
 [ 0.00421374]
 [ 0.11362906]]
b2: [0.31807953]
RMSE: 0.4162
MAE: 0.2642

------------------------------------------------------
_sliding=2_posNumber=0.15_stiLevel=0.2_disLevel=0.45_epoch=2000_batchSize=32_learningRate=0.15Time cluster: 48.319 seconds
Time train: 663.55 seconds
Time model: 736.58 seconds
List clusters: [[0, array([0., 0., 0., 0.])], [8990, array([0.01616647, 0.01606818, 0.00663749, 0.00674125])], [1403, array([0.02772959, 0.02821175, 0.01464657, 0.01478443])], [346, array([0.06274013, 0.06340081, 0.02559417, 0.02519695])], [197, array([0.12714855, 0.120598  , 0.04228805, 0.03638299])], [18, array([0.28300591, 0.21276842, 0.2152365 , 0.05996816])], [51, array([0.23463992, 0.23021355, 0.07361119, 0.0768869 ])], [64, array([0.14419329, 0.17326743, 0.09200832, 0.12328409])], [0, array([0.38034892, 0.35103879, 0.28970533, 0.21760814])], [39, array([0.2668184 , 0.28665272, 0.20128939, 0.22353555])], [0, array([0.6334092 , 0.39683392, 0.6006447 , 0.27585875])], [0, array([0.8167046 , 0.45192452, 0.80032235, 0.30202036])], [1, array([1.        , 0.50701512, 1.        , 0.32818196])], [0, array([0.73884597, 0.49816214, 0.68208707, 0.35171504])], [10, array([0.47769194, 0.48930916, 0.36417415, 0.37524813])], [0, array([0.61101782, 0.55757201, 0.54007432, 0.44157557])], [0, array([0.7443437 , 0.62583485, 0.71597449, 0.50790301])], [0, array([0.61926441, 0.74908107, 0.59090544, 0.67585752])], [0, array([0.48868739, 0.74465458, 0.43194897, 0.68762407])], [1, array([0.49968284, 1.        , 0.4997238 , 1.        ])], [0, array([1., 1., 1., 1.])]]
w2: [[-0.19548014]
 [-0.02357183]
 [-0.04963813]
 [ 0.01038665]
 [ 0.11073421]
 [ 0.40098023]
 [-0.03162948]
 [-0.41433732]
 [-0.00469   ]
 [-0.07605318]
 [-0.14340586]
 [-0.02219929]
 [-0.06389923]
 [-0.02466579]
 [-0.24209333]
 [-0.1570111 ]
 [-0.15615074]
 [-0.19743779]
 [-0.19312212]
 [-0.131382  ]
 [-0.07791766]]
b2: [1.14388411]
RMSE: 0.4175
MAE: 0.2656

------------------------------------------------------
_sliding=2_posNumber=0.15_stiLevel=0.2_disLevel=0.6_epoch=2000_batchSize=32_learningRate=0.15Time cluster: 51.322 seconds
Time train: 662.402 seconds
Time model: 735.927 seconds
List clusters: [[0, array([0., 0., 0., 0.])], [8918, array([0.01612564, 0.01602574, 0.00660846, 0.00670735])], [1445, array([0.02716973, 0.02757634, 0.01436345, 0.01442512])], [358, array([0.05979531, 0.0605757 , 0.02474756, 0.02479678])], [169, array([0.11642839, 0.11349159, 0.03421208, 0.03211982])], [42, array([0.22444593, 0.2167128 , 0.05016976, 0.04670555])], [89, array([0.14045915, 0.14501473, 0.08321742, 0.08546547])], [52, array([0.22908224, 0.22524335, 0.14330535, 0.1258937 ])], [35, array([0.28086516, 0.2956647 , 0.21543543, 0.22349242])], [0, array([0.64043258, 0.40133991, 0.60771771, 0.27583719])], [1, array([1.        , 0.50701512, 1.        , 0.32818196])], [0, array([0.73884597, 0.49816214, 0.68208707, 0.35171504])], [10, array([0.47769194, 0.48930916, 0.36417415, 0.37524813])], [0, array([0.7443437 , 0.62583485, 0.71597449, 0.50790301])], [0, array([0.74984142, 0.75350756, 0.7498619 , 0.66409098])], [0, array([0.61926441, 0.74908107, 0.59090544, 0.67585752])], [0, array([0.48868739, 0.74465458, 0.43194897, 0.68762407])], [1, array([0.49968284, 1.        , 0.4997238 , 1.        ])], [0, array([1., 1., 1., 1.])]]
w2: [[ 0.12599547]
 [ 0.06339741]
 [-0.08024176]
 [ 0.02225933]
 [ 0.1166268 ]
 [ 0.29033838]
 [-0.29539084]
 [-0.00879221]
 [-0.03081584]
 [ 0.03752338]
 [ 0.14441999]
 [ 0.08286376]
 [-0.36984499]
 [-0.01060076]
 [ 0.03540098]
 [-0.03916665]
 [-0.10663236]
 [ 0.07224771]
 [ 0.12718382]]
b2: [-0.08153144]
RMSE: 0.4309
MAE: 0.2761

------------------------------------------------------
_sliding=2_posNumber=0.15_stiLevel=0.2_disLevel=0.7_epoch=2000_batchSize=32_learningRate=0.15Time cluster: 47.932 seconds
Time train: 666.677 seconds
Time model: 737.419 seconds
List clusters: [[0, array([0., 0., 0., 0.])], [9149, array([0.01627193, 0.01619337, 0.00672157, 0.00683458])], [1276, array([0.02901701, 0.02950123, 0.01544445, 0.01542778])], [335, array([0.06740118, 0.06691192, 0.02526777, 0.02490691])], [195, array([0.12708743, 0.12574395, 0.04906836, 0.04721335])], [44, array([0.22912738, 0.21977076, 0.05583312, 0.04961589])], [18, array([0.28300591, 0.21276842, 0.2152365 , 0.05996816])], [56, array([0.1786428 , 0.20322867, 0.10857625, 0.14309927])], [35, array([0.27231437, 0.29263673, 0.20832309, 0.22746448])], [0, array([0.63615719, 0.39982592, 0.60416155, 0.27782322])], [1, array([1.        , 0.50701512, 1.        , 0.32818196])], [0, array([0.73884597, 0.49816214, 0.68208707, 0.35171504])], [10, array([0.47769194, 0.48930916, 0.36417415, 0.37524813])], [0, array([0.7443437 , 0.62583485, 0.71597449, 0.50790301])], [0, array([0.74984142, 0.75350756, 0.7498619 , 0.66409098])], [0, array([0.61926441, 0.74908107, 0.59090544, 0.67585752])], [0, array([0.48868739, 0.74465458, 0.43194897, 0.68762407])], [1, array([0.49968284, 1.        , 0.4997238 , 1.        ])], [0, array([1., 1., 1., 1.])]]
w2: [[-0.17129665]
 [-0.07512185]
 [-0.04641321]
 [ 0.04245829]
 [-0.04229666]
 [ 0.08539725]
 [ 0.38587139]
 [-0.43457403]
 [-0.05573815]
 [-0.14584426]
 [-0.08988173]
 [-0.13558622]
 [-0.23403061]
 [-0.16491447]
 [-0.13485322]
 [-0.19274326]
 [-0.19668524]
 [-0.111614  ]
 [-0.1005701 ]]
b2: [1.25080034]
RMSE: 0.4215
MAE: 0.2703

------------------------------------------------------
_sliding=2_posNumber=0.15_stiLevel=0.3_disLevel=0.35_epoch=2000_batchSize=32_learningRate=0.15Time cluster: 24.153 seconds
Time train: 837.852 seconds
Time model: 884.116 seconds
List clusters: [[0, array([0., 0., 0., 0.])], [10083, array([0.01717095, 0.01711453, 0.00736484, 0.00744481])], [628, array([0.04876879, 0.04931601, 0.0220547 , 0.02214384])], [245, array([0.12005143, 0.11967182, 0.04410753, 0.04319813])], [100, array([0.20204009, 0.20402411, 0.09288664, 0.09613271])], [52, array([0.27779594, 0.27778664, 0.20461563, 0.18734669])], [0, array([0.37874353, 0.40676112, 0.29055624, 0.30969522])], [0, array([0.53405765, 0.43182462, 0.46791718, 0.31431691])], [0, array([0.68937176, 0.45688812, 0.64527812, 0.31893859])], [0, array([0.84468588, 0.48195162, 0.82263906, 0.32356027])], [1, array([1.        , 0.50701512, 1.        , 0.32818196])], [0, array([0.86992278, 0.51419524, 0.84412421, 0.35414741])], [0, array([0.72722711, 0.50525355, 0.67750585, 0.36481929])], [0, array([0.58453144, 0.49631186, 0.51088748, 0.37549117])], [0, array([0.73984556, 0.52137536, 0.68824842, 0.38011286])], [11, array([0.47969111, 0.5357356 , 0.37649684, 0.43204375])], [0, array([1., 1., 1., 1.])]]
w2: [[-0.06850942]
 [-0.02538032]
 [-0.05301158]
 [ 0.01449758]
 [-0.02039283]
 [ 0.10499216]
 [-0.15664494]
 [-0.14310307]
 [-0.01102195]
 [ 0.01270954]
 [ 0.0614224 ]
 [-0.02418579]
 [-0.07494684]
 [-0.17091199]
 [-0.06775405]
 [-0.24346746]
 [ 0.00520712]]
b2: [0.53982806]
RMSE: 0.4516
MAE: 0.29

------------------------------------------------------
_sliding=2_posNumber=0.15_stiLevel=0.3_disLevel=0.45_epoch=2000_batchSize=32_learningRate=0.15Time cluster: 32.795 seconds
Time train: 989.809 seconds
Time model: 1047.232 seconds
List clusters: [[0, array([0., 0., 0., 0.])], [10141, array([0.01725247, 0.01719507, 0.00742265, 0.00750349])], [580, array([0.05093359, 0.05157187, 0.0227167 , 0.02268283])], [246, array([0.12326508, 0.12295615, 0.04524749, 0.04579303])], [101, array([0.21583455, 0.21239261, 0.1068906 , 0.09682035])], [40, array([0.27747673, 0.29030392, 0.21057429, 0.2143081 ])], [0, array([0.45810755, 0.34448172, 0.40793072, 0.24277656])], [0, array([0.63873837, 0.39865952, 0.60528714, 0.27124503])], [0, array([0.81936918, 0.45283732, 0.80264357, 0.29971349])], [1, array([1.        , 0.50701512, 1.        , 0.32818196])], [0, array([0.73984556, 0.52137536, 0.68824842, 0.38011286])], [11, array([0.47969111, 0.5357356 , 0.37649684, 0.43204375])], [0, array([0.73984556, 0.64462158, 0.68824842, 0.54806737])], [0, array([1.        , 0.75350756, 1.        , 0.66409098])], [0, array([1., 1., 1., 1.])]]
w2: [[ 0.03074638]
 [ 0.02651873]
 [-0.04861627]
 [ 0.00993923]
 [ 0.08143924]
 [-0.01648797]
 [-0.08182657]
 [-0.02505238]
 [ 0.02272645]
 [ 0.04123764]
 [-0.05325906]
 [-0.37015102]
 [-0.10972296]
 [ 0.09596331]
 [ 0.15714734]]
b2: [0.16443339]
RMSE: 0.4499
MAE: 0.2869

------------------------------------------------------
_sliding=2_posNumber=0.15_stiLevel=0.3_disLevel=0.6_epoch=2000_batchSize=32_learningRate=0.15Time cluster: 31.928 seconds
Time train: 1003.011 seconds
Time model: 1061.191 seconds
List clusters: [[0, array([0., 0., 0., 0.])], [10075, array([0.01716256, 0.01710306, 0.00735808, 0.00743713])], [627, array([0.0480068 , 0.04865413, 0.02188585, 0.02212611])], [236, array([0.11576859, 0.11562851, 0.04143887, 0.04114265])], [107, array([0.19414059, 0.19234292, 0.08590834, 0.08223498])], [62, array([0.26297546, 0.27049068, 0.18811377, 0.18352264])], [12, array([0.51833904, 0.4730509 , 0.41763576, 0.35976445])], [0, array([0.38132915, 0.63524534, 0.34391878, 0.59176132])], [0, array([0.50901094, 0.73652545, 0.45867978, 0.67988222])], [1, array([0.49968284, 1.        , 0.4997238 , 1.        ])], [0, array([0.74984142, 1.        , 0.7498619 , 1.        ])], [0, array([1., 1., 1., 1.])]]
w2: [[ 0.24524218]
 [ 0.09221674]
 [-0.08721225]
 [ 0.05088698]
 [ 0.13931531]
 [ 0.0049402 ]
 [-0.17289199]
 [-0.10393329]
 [-0.03601196]
 [ 0.14985355]
 [ 0.2045071 ]
 [ 0.27825459]]
b2: [-0.40954183]
RMSE: 0.4566
MAE: 0.2913

------------------------------------------------------
_sliding=2_posNumber=0.15_stiLevel=0.3_disLevel=0.7_epoch=2000_batchSize=32_learningRate=0.15Time cluster: 40.74 seconds
Time train: 985.792 seconds
Time model: 1059.046 seconds
List clusters: [[0, array([0., 0., 0., 0.])], [10106, array([0.0172091 , 0.01714898, 0.00738515, 0.00746841])], [606, array([0.04944416, 0.05007216, 0.02231999, 0.02235069])], [243, array([0.11985013, 0.11968262, 0.04406916, 0.04335913])], [97, array([0.20299007, 0.20206634, 0.09058897, 0.09136972])], [56, array([0.27076976, 0.27501272, 0.20006302, 0.18761622])], [0, array([0.63538488, 0.39101392, 0.60003151, 0.25789909])], [1, array([1.        , 0.50701512, 1.        , 0.32818196])], [0, array([0.73984556, 0.52137536, 0.68824842, 0.38011286])], [11, array([0.47969111, 0.5357356 , 0.37649684, 0.43204375])], [0, array([0.73984556, 0.64462158, 0.68824842, 0.54806737])], [0, array([1.        , 0.75350756, 1.        , 0.66409098])], [0, array([1., 1., 1., 1.])]]
w2: [[ 0.28645432]
 [ 0.08695288]
 [-0.08001051]
 [ 0.07120661]
 [ 0.13465704]
 [-0.02464902]
 [ 0.04857792]
 [ 0.22716162]
 [ 0.08355767]
 [-0.32983942]
 [ 0.05816838]
 [ 0.18591261]
 [ 0.21491643]]
b2: [-0.54189924]
RMSE: 0.4515
MAE: 0.2878

------------------------------------------------------
_sliding=2_posNumber=0.15_stiLevel=0.4_disLevel=0.35_epoch=2000_batchSize=32_learningRate=0.15Time cluster: 14.794 seconds
Time train: 998.487 seconds
Time model: 1037.932 seconds
List clusters: [[0, array([0., 0., 0., 0.])], [10602, array([0.0184696 , 0.01844325, 0.00802129, 0.00810984])], [381, array([0.11069757, 0.109888  , 0.0418344 , 0.04057883])], [123, array([0.23668344, 0.24122221, 0.14010674, 0.13741687])], [0, array([0.36938147, 0.37284383, 0.27674951, 0.27096411])], [14, array([0.5020795 , 0.50446544, 0.41339229, 0.40451135])], [0, array([0.62655962, 0.62834908, 0.56004422, 0.55338352])], [0, array([0.75103975, 0.75223272, 0.70669614, 0.70225568])], [0, array([0.87551987, 0.87611636, 0.85334807, 0.85112784])], [0, array([1., 1., 1., 1.])]]
w2: [[ 0.13198578]
 [-0.02443632]
 [ 0.0168521 ]
 [ 0.12205294]
 [-0.15350902]
 [-0.27859437]
 [-0.08691343]
 [ 0.07130926]
 [ 0.0963393 ]
 [ 0.1232362 ]]
b2: [0.04213594]
RMSE: 0.4522
MAE: 0.2908

------------------------------------------------------
_sliding=2_posNumber=0.15_stiLevel=0.4_disLevel=0.45_epoch=2000_batchSize=32_learningRate=0.15Time cluster: 16.672 seconds
Time train: 1010.319 seconds
Time model: 1052.477 seconds
List clusters: [[0, array([0., 0., 0., 0.])], [10602, array([0.0184696 , 0.01844325, 0.00802129, 0.00810984])], [381, array([0.11069757, 0.109888  , 0.0418344 , 0.04057883])], [123, array([0.23668344, 0.24122221, 0.14010674, 0.13741687])], [0, array([0.36938147, 0.37284383, 0.27674951, 0.27096411])], [14, array([0.5020795 , 0.50446544, 0.41339229, 0.40451135])], [0, array([0.62655962, 0.62834908, 0.56004422, 0.55338352])], [0, array([0.75103975, 0.75223272, 0.70669614, 0.70225568])], [0, array([0.87551987, 0.87611636, 0.85334807, 0.85112784])], [0, array([1., 1., 1., 1.])]]
w2: [[ 0.28707055]
 [ 0.01375772]
 [ 0.05152447]
 [ 0.1861231 ]
 [-0.16954644]
 [-0.24271096]
 [ 0.08491151]
 [ 0.17106092]
 [ 0.25071662]
 [ 0.27472888]]
b2: [-0.52645547]
RMSE: 0.4572
MAE: 0.2926

------------------------------------------------------
_sliding=2_posNumber=0.15_stiLevel=0.4_disLevel=0.6_epoch=2000_batchSize=32_learningRate=0.15Time cluster: 16.111 seconds
Time train: 1028.553 seconds
Time model: 1066.378 seconds
List clusters: [[0, array([0., 0., 0., 0.])], [10602, array([0.0184696 , 0.01844325, 0.00802129, 0.00810984])], [381, array([0.11069757, 0.109888  , 0.0418344 , 0.04057883])], [123, array([0.23668344, 0.24122221, 0.14010674, 0.13741687])], [14, array([0.5020795 , 0.50446544, 0.41339229, 0.40451135])], [0, array([0.75103975, 0.75223272, 0.70669614, 0.70225568])], [0, array([1., 1., 1., 1.])]]
w2: [[ 0.45157271]
 [ 0.02913713]
 [ 0.10024224]
 [ 0.1289131 ]
 [-0.02795381]
 [ 0.27686607]
 [ 0.45120849]]
b2: [-0.72459651]
RMSE: 0.4642
MAE: 0.2999

------------------------------------------------------
_sliding=2_posNumber=0.15_stiLevel=0.4_disLevel=0.7_epoch=2000_batchSize=32_learningRate=0.15Time cluster: 17.597 seconds
Time train: 1012.272 seconds
Time model: 1044.789 seconds
List clusters: [[0, array([0., 0., 0., 0.])], [10602, array([0.0184696 , 0.01844325, 0.00802129, 0.00810984])], [381, array([0.11069757, 0.109888  , 0.0418344 , 0.04057883])], [123, array([0.23668344, 0.24122221, 0.14010674, 0.13741687])], [14, array([0.5020795 , 0.50446544, 0.41339229, 0.40451135])], [0, array([0.75103975, 0.75223272, 0.70669614, 0.70225568])], [0, array([1., 1., 1., 1.])]]
w2: [[-0.19582566]
 [-0.05296237]
 [-0.0457947 ]
 [-0.03466802]
 [-0.58028142]
 [-0.48986338]
 [-0.41633816]]
b2: [1.28271216]
RMSE: 0.4482
MAE: 0.2907

------------------------------------------------------
_sliding=2_posNumber=0.15_stiLevel=0.5_disLevel=0.35_epoch=2000_batchSize=32_learningRate=0.15Time cluster: 13.433 seconds
Time train: 1035.392 seconds
Time model: 1065.912 seconds
List clusters: [[0, array([0., 0., 0., 0.])], [10602, array([0.0184696 , 0.01844325, 0.00802129, 0.00810984])], [381, array([0.11069757, 0.109888  , 0.0418344 , 0.04057883])], [123, array([0.23668344, 0.24122221, 0.14010674, 0.13741687])], [0, array([0.36938147, 0.37284383, 0.27674951, 0.27096411])], [14, array([0.5020795 , 0.50446544, 0.41339229, 0.40451135])], [0, array([0.62655962, 0.62834908, 0.56004422, 0.55338352])], [0, array([0.75103975, 0.75223272, 0.70669614, 0.70225568])], [0, array([0.87551987, 0.87611636, 0.85334807, 0.85112784])], [0, array([1., 1., 1., 1.])]]
w2: [[ 0.12616346]
 [-0.04476956]
 [ 0.01396787]
 [ 0.1026096 ]
 [-0.11698801]
 [-0.29758127]
 [-0.10680296]
 [ 0.01919096]
 [ 0.05842503]
 [ 0.12435312]]
b2: [0.14006484]
RMSE: 0.452
MAE: 0.2917

------------------------------------------------------
_sliding=2_posNumber=0.15_stiLevel=0.5_disLevel=0.45_epoch=2000_batchSize=32_learningRate=0.15Time cluster: 18.593 seconds
Time train: 1049.93 seconds
Time model: 1092.336 seconds
List clusters: [[0, array([0., 0., 0., 0.])], [10602, array([0.0184696 , 0.01844325, 0.00802129, 0.00810984])], [381, array([0.11069757, 0.109888  , 0.0418344 , 0.04057883])], [123, array([0.23668344, 0.24122221, 0.14010674, 0.13741687])], [0, array([0.36938147, 0.37284383, 0.27674951, 0.27096411])], [14, array([0.5020795 , 0.50446544, 0.41339229, 0.40451135])], [0, array([0.62655962, 0.62834908, 0.56004422, 0.55338352])], [0, array([0.75103975, 0.75223272, 0.70669614, 0.70225568])], [0, array([0.87551987, 0.87611636, 0.85334807, 0.85112784])], [0, array([1., 1., 1., 1.])]]
w2: [[-0.52407134]
 [-0.07296524]
 [-0.1319443 ]
 [-0.10281919]
 [-0.13561523]
 [-0.41980059]
 [-0.4548624 ]
 [-0.51573559]
 [-0.54352547]
 [-0.5001626 ]]
b2: [2.27436667]
RMSE: 0.4481
MAE: 0.2903

------------------------------------------------------
_sliding=2_posNumber=0.15_stiLevel=0.5_disLevel=0.6_epoch=2000_batchSize=32_learningRate=0.15Time cluster: 18.289 seconds
Time train: 1059.994 seconds
Time model: 1097.978 seconds
List clusters: [[0, array([0., 0., 0., 0.])], [10602, array([0.0184696 , 0.01844325, 0.00802129, 0.00810984])], [381, array([0.11069757, 0.109888  , 0.0418344 , 0.04057883])], [123, array([0.23668344, 0.24122221, 0.14010674, 0.13741687])], [14, array([0.5020795 , 0.50446544, 0.41339229, 0.40451135])], [0, array([0.75103975, 0.75223272, 0.70669614, 0.70225568])], [0, array([1., 1., 1., 1.])]]
w2: [[0.56765243]
 [0.10234053]
 [0.13111327]
 [0.17207179]
 [0.12676247]
 [0.45386367]
 [0.64545713]]
b2: [-1.20251836]
RMSE: 0.4762
MAE: 0.3061

------------------------------------------------------
_sliding=2_posNumber=0.15_stiLevel=0.5_disLevel=0.7_epoch=2000_batchSize=32_learningRate=0.15Time cluster: 21.088 seconds
Time train: 1127.529 seconds
Time model: 1168.058 seconds
List clusters: [[0, array([0., 0., 0., 0.])], [10602, array([0.0184696 , 0.01844325, 0.00802129, 0.00810984])], [381, array([0.11069757, 0.109888  , 0.0418344 , 0.04057883])], [123, array([0.23668344, 0.24122221, 0.14010674, 0.13741687])], [14, array([0.5020795 , 0.50446544, 0.41339229, 0.40451135])], [0, array([0.75103975, 0.75223272, 0.70669614, 0.70225568])], [0, array([1., 1., 1., 1.])]]
w2: [[0.55521155]
 [0.07540949]
 [0.1262815 ]
 [0.16634924]
 [0.06951781]
 [0.47285032]
 [0.58277314]]
b2: [-1.11519455]
RMSE: 0.4723
MAE: 0.3041

------------------------------------------------------
_sliding=2_posNumber=0.25_stiLevel=0.2_disLevel=0.35_epoch=2000_batchSize=32_learningRate=0.15Time cluster: 101.937 seconds
Time train: 1047.879 seconds
Time model: 1209.2 seconds
List clusters: [[0, array([0., 0., 0., 0.])], [9063, array([0.01622621, 0.01613252, 0.00668727, 0.00678926])], [1336, array([0.02828921, 0.02882476, 0.0149543 , 0.01511698])], [342, array([0.06348464, 0.06409583, 0.02597422, 0.02545374])], [191, array([0.1269179 , 0.12051575, 0.04127651, 0.03541931])], [15, array([0.26714995, 0.19660928, 0.20816714, 0.05286013])], [38, array([0.23649719, 0.22962035, 0.06019509, 0.05524209])], [61, array([0.14176063, 0.16383497, 0.08663549, 0.11255142])], [37, array([0.22497537, 0.24697903, 0.13776789, 0.17337107])], [25, array([0.29529759, 0.30316849, 0.23521272, 0.22880119])], [0, array([0.64764879, 0.4050918 , 0.61760636, 0.27849158])], [0, array([0.8238244 , 0.45605346, 0.80880318, 0.30333677])], [1, array([1.        , 0.50701512, 1.        , 0.32818196])], [0, array([0.86942298, 0.50258863, 0.84104354, 0.3399485 ])], [0, array([0.73884597, 0.49816214, 0.68208707, 0.35171504])], [0, array([0.60826895, 0.49373565, 0.52313061, 0.36348159])], [10, array([0.47769194, 0.48930916, 0.36417415, 0.37524813])], [0, array([0.61101782, 0.55757201, 0.54007432, 0.44157557])], [0, array([0.7443437 , 0.62583485, 0.71597449, 0.50790301])], [0, array([0.61376668, 0.62140836, 0.55701802, 0.51966955])], [0, array([0.48318967, 0.61698187, 0.39806156, 0.5314361 ])], [0, array([0.61651554, 0.68524472, 0.57396173, 0.59776354])], [0, array([0.48868739, 0.74465458, 0.43194897, 0.68762407])], [0, array([0.55809919, 0.84262236, 0.53684276, 0.79888177])], [0, array([0.49418512, 0.87232729, 0.46583639, 0.84381203])], [1, array([0.49968284, 1.        , 0.4997238 , 1.        ])], [0, array([1., 1., 1., 1.])]]
w2: [[ 0.03462709]
 [ 0.03685412]
 [-0.07946799]
 [ 0.02401131]
 [ 0.10641077]
 [ 0.40493354]
 [ 0.13866065]
 [-0.3378601 ]
 [-0.27618223]
 [ 0.06251542]
 [ 0.0261231 ]
 [ 0.06566058]
 [ 0.10349818]
 [ 0.07854323]
 [ 0.02875536]
 [-0.07853059]
 [-0.16807239]
 [-0.07899172]
 [-0.05326375]
 [-0.13388555]
 [-0.20518742]
 [-0.09008996]
 [-0.09194246]
 [ 0.00244856]
 [-0.01105477]
 [ 0.06070428]
 [ 0.1367731 ]]
b2: [0.20882627]
RMSE: 0.4117
MAE: 0.26

------------------------------------------------------
_sliding=2_posNumber=0.25_stiLevel=0.2_disLevel=0.45_epoch=2000_batchSize=32_learningRate=0.15Time cluster: 90.408 seconds
Time train: 996.129 seconds
Time model: 1128.645 seconds
List clusters: [[0, array([0., 0., 0., 0.])], [9010, array([0.01619295, 0.01609445, 0.00665848, 0.00676263])], [1376, array([0.02786673, 0.0283716 , 0.01475529, 0.01489255])], [337, array([0.0613838 , 0.06181226, 0.02525651, 0.02464629])], [171, array([0.11629931, 0.11461787, 0.03394273, 0.03369274])], [44, array([0.22475972, 0.21678385, 0.05300947, 0.04826677])], [17, array([0.29587478, 0.23215711, 0.20921917, 0.06709758])], [82, array([0.14308552, 0.14325093, 0.08523381, 0.08130336])], [39, array([0.20030032, 0.22645371, 0.11967496, 0.15894596])], [0, array([0.38678336, 0.36073314, 0.28669666, 0.22117286])], [32, array([0.27515266, 0.29468781, 0.21364479, 0.23244926])], [0, array([0.63757633, 0.40085147, 0.60682239, 0.28031561])], [0, array([0.81878816, 0.45393329, 0.8034112 , 0.30424878])], [1, array([1.        , 0.50701512, 1.        , 0.32818196])], [0, array([0.73884597, 0.49816214, 0.68208707, 0.35171504])], [10, array([0.47769194, 0.48930916, 0.36417415, 0.37524813])], [0, array([0.61101782, 0.55757201, 0.54007432, 0.44157557])], [0, array([0.7443437 , 0.62583485, 0.71597449, 0.50790301])], [0, array([0.61926441, 0.74908107, 0.59090544, 0.67585752])], [0, array([0.48868739, 0.74465458, 0.43194897, 0.68762407])], [1, array([0.49968284, 1.        , 0.4997238 , 1.        ])], [0, array([1., 1., 1., 1.])]]
w2: [[ 0.12895218]
 [ 0.08299184]
 [-0.06992544]
 [ 0.01482804]
 [ 0.0840645 ]
 [ 0.22804788]
 [ 0.41487652]
 [-0.16627332]
 [-0.37821475]
 [-0.02569021]
 [-0.02218121]
 [ 0.0465941 ]
 [ 0.03166365]
 [ 0.17340209]
 [ 0.00157246]
 [-0.31339529]
 [-0.09173185]
 [ 0.00987901]
 [-0.04222168]
 [-0.0819413 ]
 [ 0.04219353]
 [ 0.18130716]]
b2: [-0.10569225]
RMSE: 0.4163
MAE: 0.2626

------------------------------------------------------
_sliding=2_posNumber=0.25_stiLevel=0.2_disLevel=0.6_epoch=2000_batchSize=32_learningRate=0.15Time cluster: 83.977 seconds
Time train: 1011.699 seconds
Time model: 1137.045 seconds
List clusters: [[0, array([0., 0., 0., 0.])], [8918, array([0.01612564, 0.01602574, 0.00660846, 0.00670735])], [1445, array([0.02716973, 0.02757634, 0.01436345, 0.01442512])], [356, array([0.05965767, 0.06046315, 0.02480342, 0.02451796])], [173, array([0.11788953, 0.11230335, 0.0356621 , 0.03158478])], [44, array([0.2271646 , 0.21918873, 0.0529972 , 0.0482545 ])], [17, array([0.2869845 , 0.21770276, 0.21859473, 0.06236491])], [84, array([0.13738337, 0.14700632, 0.07834628, 0.08675306])], [39, array([0.20259448, 0.22713318, 0.12004604, 0.15745306])], [32, array([0.27515266, 0.29468781, 0.21364479, 0.23244926])], [0, array([0.63757633, 0.40085147, 0.60682239, 0.28031561])], [1, array([1.        , 0.50701512, 1.        , 0.32818196])], [0, array([0.73884597, 0.49816214, 0.68208707, 0.35171504])], [10, array([0.47769194, 0.48930916, 0.36417415, 0.37524813])], [0, array([0.7443437 , 0.62583485, 0.71597449, 0.50790301])], [0, array([0.74984142, 0.75350756, 0.7498619 , 0.66409098])], [0, array([0.61926441, 0.74908107, 0.59090544, 0.67585752])], [0, array([0.48868739, 0.74465458, 0.43194897, 0.68762407])], [1, array([0.49968284, 1.        , 0.4997238 , 1.        ])], [0, array([1., 1., 1., 1.])]]
w2: [[-0.00381316]
 [ 0.01970813]
 [-0.05664562]
 [-0.00196336]
 [ 0.12202251]
 [ 0.15941971]
 [ 0.43049754]
 [-0.24555299]
 [-0.3200781 ]
 [-0.06986404]
 [-0.04855806]
 [ 0.00732336]
 [-0.08893402]
 [-0.28942493]
 [-0.06340947]
 [-0.02495381]
 [-0.09887314]
 [-0.11944496]
 [-0.03386969]
 [ 0.07988618]]
b2: [0.48227858]
RMSE: 0.4157
MAE: 0.2632

------------------------------------------------------
_sliding=2_posNumber=0.25_stiLevel=0.2_disLevel=0.7_epoch=2000_batchSize=32_learningRate=0.15Time cluster: 86.544 seconds
Time train: 1008.985 seconds
Time model: 1141.485 seconds
List clusters: [[0, array([0., 0., 0., 0.])], [8995, array([0.01617846, 0.01608041, 0.00664561, 0.0067514 ])], [1393, array([0.02776723, 0.02825914, 0.01470453, 0.01483056])], [338, array([0.06158559, 0.06204802, 0.02543314, 0.02487059])], [173, array([0.11866053, 0.11693327, 0.03318592, 0.03301476])], [37, array([0.2378848 , 0.2308221 , 0.06001108, 0.05492422])], [16, array([0.29398922, 0.22628921, 0.21620065, 0.06519646])], [86, array([0.1454484 , 0.14454686, 0.0840664 , 0.07976201])], [38, array([0.19885402, 0.22569565, 0.12010201, 0.16040646])], [32, array([0.27515266, 0.29468781, 0.21364479, 0.23244926])], [0, array([0.63757633, 0.40085147, 0.60682239, 0.28031561])], [1, array([1.        , 0.50701512, 1.        , 0.32818196])], [0, array([0.73884597, 0.49816214, 0.68208707, 0.35171504])], [10, array([0.47769194, 0.48930916, 0.36417415, 0.37524813])], [0, array([0.7443437 , 0.62583485, 0.71597449, 0.50790301])], [0, array([0.74984142, 0.75350756, 0.7498619 , 0.66409098])], [0, array([0.61926441, 0.74908107, 0.59090544, 0.67585752])], [0, array([0.48868739, 0.74465458, 0.43194897, 0.68762407])], [1, array([0.49968284, 1.        , 0.4997238 , 1.        ])], [0, array([1., 1., 1., 1.])]]
w2: [[ 0.08553304]
 [ 0.09262687]
 [-0.08506251]
 [ 0.02212581]
 [ 0.102045  ]
 [ 0.23441734]
 [ 0.373318  ]
 [-0.18959923]
 [-0.34063037]
 [-0.06313073]
 [ 0.00119695]
 [ 0.08199253]
 [ 0.02564715]
 [-0.33807651]
 [-0.02719966]
 [ 0.00920252]
 [-0.01582917]
 [-0.09677361]
 [ 0.01826839]
 [ 0.10817094]]
b2: [0.07433256]
RMSE: 0.4174
MAE: 0.2643

------------------------------------------------------
_sliding=2_posNumber=0.25_stiLevel=0.3_disLevel=0.35_epoch=2000_batchSize=32_learningRate=0.15Time cluster: 25.975 seconds
Time train: 1020.708 seconds
Time model: 1073.599 seconds
List clusters: [[0, array([0., 0., 0., 0.])], [10283, array([0.01750516, 0.01746175, 0.00758301, 0.00766839])], [509, array([0.06227858, 0.06258166, 0.02513931, 0.02532224])], [226, array([0.14774969, 0.1466049 , 0.05883708, 0.05642912])], [90, array([0.2543175 , 0.25909534, 0.16490893, 0.1608726 ])], [0, array([0.38868385, 0.39621878, 0.29668218, 0.2921306 ])], [12, array([0.52305019, 0.53334223, 0.42845544, 0.42338861])], [0, array([0.64228764, 0.65000667, 0.57134158, 0.56754145])], [0, array([0.76152509, 0.76667111, 0.71422772, 0.7116943 ])], [0, array([0.88076255, 0.88333556, 0.85711386, 0.85584715])], [0, array([1., 1., 1., 1.])]]
w2: [[ 0.0096758 ]
 [-0.01937124]
 [-0.04030752]
 [ 0.02777874]
 [ 0.08572128]
 [-0.22444177]
 [-0.29604958]
 [-0.11656061]
 [-0.07382957]
 [-0.0055948 ]
 [ 0.06982903]]
b2: [0.42103238]
RMSE: 0.4498
MAE: 0.2888

------------------------------------------------------
_sliding=2_posNumber=0.25_stiLevel=0.3_disLevel=0.45_epoch=2000_batchSize=32_learningRate=0.15Time cluster: 26.08 seconds
Time train: 997.971 seconds
Time model: 1050.552 seconds
List clusters: [[0, array([0., 0., 0., 0.])], [10283, array([0.01750516, 0.01746175, 0.00758301, 0.00766839])], [509, array([0.06227858, 0.06258166, 0.02513931, 0.02532224])], [226, array([0.14774969, 0.1466049 , 0.05883708, 0.05642912])], [90, array([0.2543175 , 0.25909534, 0.16490893, 0.1608726 ])], [0, array([0.38868385, 0.39621878, 0.29668218, 0.2921306 ])], [12, array([0.52305019, 0.53334223, 0.42845544, 0.42338861])], [0, array([0.64228764, 0.65000667, 0.57134158, 0.56754145])], [0, array([0.76152509, 0.76667111, 0.71422772, 0.7116943 ])], [0, array([0.88076255, 0.88333556, 0.85711386, 0.85584715])], [0, array([1., 1., 1., 1.])]]
w2: [[ 0.28256388]
 [ 0.04981777]
 [-0.05814303]
 [ 0.14035251]
 [ 0.11862246]
 [-0.19928367]
 [-0.17746483]
 [ 0.00723164]
 [ 0.20095394]
 [ 0.30892024]
 [ 0.31229549]]
b2: [-0.59878417]
RMSE: 0.4568
MAE: 0.292

------------------------------------------------------
_sliding=2_posNumber=0.25_stiLevel=0.3_disLevel=0.6_epoch=2000_batchSize=32_learningRate=0.15Time cluster: 25.396 seconds
Time train: 1000.485 seconds
Time model: 1047.946 seconds
List clusters: [[0, array([0., 0., 0., 0.])], [10274, array([0.01748331, 0.01744043, 0.00756882, 0.00765251])], [514, array([0.0611104 , 0.06158936, 0.02502176, 0.02526138])], [227, array([0.14597001, 0.14458893, 0.05741766, 0.05525896])], [93, array([0.25330272, 0.2574903 , 0.16293391, 0.15836794])], [12, array([0.52305019, 0.53334223, 0.42845544, 0.42338861])], [0, array([0.76152509, 0.76667111, 0.71422772, 0.7116943 ])], [0, array([1., 1., 1., 1.])]]
w2: [[ 0.173124  ]
 [ 0.01137777]
 [-0.05438044]
 [ 0.10385613]
 [ 0.01097996]
 [-0.32694472]
 [ 0.03868156]
 [ 0.1104301 ]]
b2: [0.08120912]
RMSE: 0.454
MAE: 0.2936

------------------------------------------------------
_sliding=2_posNumber=0.25_stiLevel=0.3_disLevel=0.7_epoch=2000_batchSize=32_learningRate=0.15Time cluster: 26.387 seconds
Time train: 1000.828 seconds
Time model: 1045.107 seconds
List clusters: [[0, array([0., 0., 0., 0.])], [10279, array([0.01749685, 0.0174541 , 0.00757749, 0.00766327])], [512, array([0.06190694, 0.06219544, 0.02510838, 0.02528329])], [226, array([0.14729855, 0.14615884, 0.05819894, 0.05580163])], [91, array([0.25344503, 0.25817036, 0.16461274, 0.16062077])], [12, array([0.52305019, 0.53334223, 0.42845544, 0.42338861])], [0, array([0.76152509, 0.76667111, 0.71422772, 0.7116943 ])], [0, array([1., 1., 1., 1.])]]
w2: [[ 0.32652998]
 [ 0.07918944]
 [-0.05885051]
 [ 0.16204735]
 [ 0.0400455 ]
 [-0.13993218]
 [ 0.22339993]
 [ 0.4044042 ]]
b2: [-0.5309699]
RMSE: 0.4598
MAE: 0.2957

------------------------------------------------------
_sliding=2_posNumber=0.25_stiLevel=0.4_disLevel=0.35_epoch=2000_batchSize=32_learningRate=0.15Time cluster: 18.19 seconds
Time train: 994.841 seconds
Time model: 1035.037 seconds
List clusters: [[0, array([0., 0., 0., 0.])], [10602, array([0.0184696 , 0.01844325, 0.00802129, 0.00810984])], [381, array([0.11069757, 0.109888  , 0.0418344 , 0.04057883])], [123, array([0.23668344, 0.24122221, 0.14010674, 0.13741687])], [0, array([0.36938147, 0.37284383, 0.27674951, 0.27096411])], [14, array([0.5020795 , 0.50446544, 0.41339229, 0.40451135])], [0, array([0.62655962, 0.62834908, 0.56004422, 0.55338352])], [0, array([0.75103975, 0.75223272, 0.70669614, 0.70225568])], [0, array([0.87551987, 0.87611636, 0.85334807, 0.85112784])], [0, array([1., 1., 1., 1.])]]
w2: [[ 0.27345368]
 [-0.01176846]
 [ 0.04761279]
 [ 0.16669321]
 [-0.1484595 ]
 [-0.24560222]
 [ 0.00944645]
 [ 0.15068128]
 [ 0.23530934]
 [ 0.27560915]]
b2: [-0.4345228]
RMSE: 0.4558
MAE: 0.2928

------------------------------------------------------
_sliding=2_posNumber=0.25_stiLevel=0.4_disLevel=0.45_epoch=2000_batchSize=32_learningRate=0.15Time cluster: 20.489 seconds
Time train: 993.887 seconds
Time model: 1037.297 seconds
List clusters: [[0, array([0., 0., 0., 0.])], [10602, array([0.0184696 , 0.01844325, 0.00802129, 0.00810984])], [381, array([0.11069757, 0.109888  , 0.0418344 , 0.04057883])], [123, array([0.23668344, 0.24122221, 0.14010674, 0.13741687])], [0, array([0.36938147, 0.37284383, 0.27674951, 0.27096411])], [14, array([0.5020795 , 0.50446544, 0.41339229, 0.40451135])], [0, array([0.62655962, 0.62834908, 0.56004422, 0.55338352])], [0, array([0.75103975, 0.75223272, 0.70669614, 0.70225568])], [0, array([0.87551987, 0.87611636, 0.85334807, 0.85112784])], [0, array([1., 1., 1., 1.])]]
w2: [[ 0.16683252]
 [-0.02009197]
 [ 0.02546778]
 [ 0.1250141 ]
 [-0.12797778]
 [-0.27697069]
 [-0.09348347]
 [ 0.11690724]
 [ 0.10159244]
 [ 0.18870422]]
b2: [-0.07959223]
RMSE: 0.453
MAE: 0.291

------------------------------------------------------
_sliding=2_posNumber=0.25_stiLevel=0.4_disLevel=0.6_epoch=2000_batchSize=32_learningRate=0.15Time cluster: 18.316 seconds
Time train: 997.227 seconds
Time model: 1034.856 seconds
List clusters: [[0, array([0., 0., 0., 0.])], [10602, array([0.0184696 , 0.01844325, 0.00802129, 0.00810984])], [381, array([0.11069757, 0.109888  , 0.0418344 , 0.04057883])], [123, array([0.23668344, 0.24122221, 0.14010674, 0.13741687])], [14, array([0.5020795 , 0.50446544, 0.41339229, 0.40451135])], [0, array([0.75103975, 0.75223272, 0.70669614, 0.70225568])], [0, array([1., 1., 1., 1.])]]
w2: [[ 0.25600903]
 [-0.00726965]
 [ 0.05579056]
 [ 0.08157989]
 [-0.23481052]
 [ 0.078004  ]
 [ 0.20832805]]
b2: [-0.13801646]
RMSE: 0.4565
MAE: 0.2955

------------------------------------------------------
_sliding=2_posNumber=0.25_stiLevel=0.4_disLevel=0.7_epoch=2000_batchSize=32_learningRate=0.15Time cluster: 22.022 seconds
Time train: 1067.205 seconds
Time model: 1107.997 seconds
List clusters: [[0, array([0., 0., 0., 0.])], [10602, array([0.0184696 , 0.01844325, 0.00802129, 0.00810984])], [381, array([0.11069757, 0.109888  , 0.0418344 , 0.04057883])], [123, array([0.23668344, 0.24122221, 0.14010674, 0.13741687])], [14, array([0.5020795 , 0.50446544, 0.41339229, 0.40451135])], [0, array([0.75103975, 0.75223272, 0.70669614, 0.70225568])], [0, array([1., 1., 1., 1.])]]
w2: [[ 0.14935476]
 [-0.02182388]
 [ 0.02995582]
 [ 0.0658498 ]
 [-0.37067911]
 [ 0.0093773 ]
 [ 0.08222331]]
b2: [0.15332287]
RMSE: 0.4535
MAE: 0.2938

------------------------------------------------------
_sliding=2_posNumber=0.25_stiLevel=0.5_disLevel=0.35_epoch=2000_batchSize=32_learningRate=0.15Time cluster: 16.632 seconds
Time train: 1043.679 seconds
Time model: 1081.476 seconds
List clusters: [[0, array([0., 0., 0., 0.])], [10602, array([0.0184696 , 0.01844325, 0.00802129, 0.00810984])], [381, array([0.11069757, 0.109888  , 0.0418344 , 0.04057883])], [123, array([0.23668344, 0.24122221, 0.14010674, 0.13741687])], [0, array([0.36938147, 0.37284383, 0.27674951, 0.27096411])], [14, array([0.5020795 , 0.50446544, 0.41339229, 0.40451135])], [0, array([0.62655962, 0.62834908, 0.56004422, 0.55338352])], [0, array([0.75103975, 0.75223272, 0.70669614, 0.70225568])], [0, array([0.87551987, 0.87611636, 0.85334807, 0.85112784])], [0, array([1., 1., 1., 1.])]]
w2: [[-0.0488114 ]
 [-0.04151924]
 [-0.02240521]
 [ 0.05551105]
 [-0.12889527]
 [-0.33047968]
 [-0.2105535 ]
 [-0.11233674]
 [-0.08484864]
 [ 0.03325873]]
b2: [0.62056541]
RMSE: 0.4489
MAE: 0.2891

------------------------------------------------------
_sliding=2_posNumber=0.25_stiLevel=0.5_disLevel=0.45_epoch=2000_batchSize=32_learningRate=0.15Time cluster: 21.11 seconds
Time train: 1039.835 seconds
Time model: 1092.724 seconds
List clusters: [[0, array([0., 0., 0., 0.])], [10602, array([0.0184696 , 0.01844325, 0.00802129, 0.00810984])], [381, array([0.11069757, 0.109888  , 0.0418344 , 0.04057883])], [123, array([0.23668344, 0.24122221, 0.14010674, 0.13741687])], [0, array([0.36938147, 0.37284383, 0.27674951, 0.27096411])], [14, array([0.5020795 , 0.50446544, 0.41339229, 0.40451135])], [0, array([0.62655962, 0.62834908, 0.56004422, 0.55338352])], [0, array([0.75103975, 0.75223272, 0.70669614, 0.70225568])], [0, array([0.87551987, 0.87611636, 0.85334807, 0.85112784])], [0, array([1., 1., 1., 1.])]]
w2: [[ 0.18127884]
 [-0.03239917]
 [ 0.02445587]
 [ 0.13448373]
 [-0.12225205]
 [-0.31930889]
 [-0.03886424]
 [ 0.04113678]
 [ 0.19604015]
 [ 0.17096567]]
b2: [-0.10469569]
RMSE: 0.4531
MAE: 0.2918

------------------------------------------------------
_sliding=2_posNumber=0.25_stiLevel=0.5_disLevel=0.6_epoch=2000_batchSize=32_learningRate=0.15Time cluster: 17.005 seconds
Time train: 1086.815 seconds
Time model: 1119.849 seconds
List clusters: [[0, array([0., 0., 0., 0.])], [10605, array([0.01848331, 0.01845766, 0.00802337, 0.00811158])], [380, array([0.11137905, 0.11048026, 0.04239495, 0.04104724])], [121, array([0.23771082, 0.24253713, 0.14062664, 0.13819917])], [14, array([0.5020795 , 0.50446544, 0.41339229, 0.40451135])], [0, array([0.75103975, 0.75223272, 0.70669614, 0.70225568])], [0, array([1., 1., 1., 1.])]]
w2: [[ 0.18561021]
 [-0.01318937]
 [ 0.03990532]
 [ 0.06832188]
 [-0.3060118 ]
 [ 0.00405776]
 [ 0.14632219]]
b2: [0.04691404]
RMSE: 0.4545
MAE: 0.2942

------------------------------------------------------
_sliding=2_posNumber=0.25_stiLevel=0.5_disLevel=0.7_epoch=2000_batchSize=32_learningRate=0.15Time cluster: 15.804 seconds
Time train: 1096.691 seconds
Time model: 1131.174 seconds
List clusters: [[0, array([0., 0., 0., 0.])], [10602, array([0.0184696 , 0.01844325, 0.00802129, 0.00810984])], [381, array([0.11069757, 0.109888  , 0.0418344 , 0.04057883])], [123, array([0.23668344, 0.24122221, 0.14010674, 0.13741687])], [14, array([0.5020795 , 0.50446544, 0.41339229, 0.40451135])], [0, array([0.75103975, 0.75223272, 0.70669614, 0.70225568])], [0, array([1., 1., 1., 1.])]]
w2: [[ 1.68074538e-02]
 [-4.39138363e-02]
 [ 2.66612033e-04]
 [ 2.21221387e-02]
 [-4.47002324e-01]
 [-1.93965785e-01]
 [-1.64600357e-01]]
b2: [0.64964306]
RMSE: 0.451
MAE: 0.2929

------------------------------------------------------
_sliding=2_posNumber=0.4_stiLevel=0.2_disLevel=0.35_epoch=2000_batchSize=32_learningRate=0.15Time cluster: 106.696 seconds
Time train: 1150.013 seconds
Time model: 1323.003 seconds
List clusters: [[0, array([0., 0., 0., 0.])], [8921, array([0.01612843, 0.01602812, 0.00661031, 0.00670882])], [1443, array([0.02719783, 0.02760813, 0.01436669, 0.01443057])], [357, array([0.05982686, 0.06060939, 0.02480414, 0.0248535 ])], [170, array([0.11692121, 0.11310144, 0.03482616, 0.03174161])], [43, array([0.23080438, 0.2224408 , 0.05586381, 0.04990324])], [17, array([0.2869845 , 0.21770276, 0.21859473, 0.06236491])], [87, array([0.14144002, 0.14654775, 0.07871529, 0.08309286])], [38, array([0.19885402, 0.22569565, 0.12010201, 0.16040646])], [0, array([0.38233822, 0.35350596, 0.29138444, 0.21880652])], [32, array([0.27515266, 0.29468781, 0.21364479, 0.23244926])], [0, array([0.63757633, 0.40085147, 0.60682239, 0.28031561])], [0, array([0.81878816, 0.45393329, 0.8034112 , 0.30424878])], [1, array([1.        , 0.50701512, 1.        , 0.32818196])], [0, array([0.86942298, 0.50258863, 0.84104354, 0.3399485 ])], [0, array([0.73884597, 0.49816214, 0.68208707, 0.35171504])], [0, array([0.60826895, 0.49373565, 0.52313061, 0.36348159])], [10, array([0.47769194, 0.48930916, 0.36417415, 0.37524813])], [0, array([0.61101782, 0.55757201, 0.54007432, 0.44157557])], [0, array([0.7443437 , 0.62583485, 0.71597449, 0.50790301])], [0, array([0.61376668, 0.62140836, 0.55701802, 0.51966955])], [0, array([0.48318967, 0.61698187, 0.39806156, 0.5314361 ])], [0, array([0.61651554, 0.68524472, 0.57396173, 0.59776354])], [0, array([0.48868739, 0.74465458, 0.43194897, 0.68762407])], [0, array([0.55809919, 0.84262236, 0.53684276, 0.79888177])], [0, array([0.49418512, 0.87232729, 0.46583639, 0.84381203])], [1, array([0.49968284, 1.        , 0.4997238 , 1.        ])], [0, array([1., 1., 1., 1.])]]
w2: [[ 0.19633842]
 [ 0.09832444]
 [-0.07434246]
 [-0.00374118]
 [ 0.15039095]
 [ 0.23429653]
 [ 0.42727004]
 [-0.23787516]
 [-0.30977933]
 [-0.00264459]
 [-0.07386452]
 [ 0.01604736]
 [ 0.16780721]
 [ 0.13979031]
 [ 0.13244153]
 [ 0.12000585]
 [-0.06344611]
 [-0.26539724]
 [-0.16435953]
 [ 0.03474589]
 [-0.09035824]
 [-0.16637095]
 [-0.0253685 ]
 [ 0.04810489]
 [ 0.12545466]
 [ 0.05767832]
 [ 0.08141884]
 [ 0.15748497]]
b2: [-0.4373365]
RMSE: 0.4142
MAE: 0.2607

------------------------------------------------------
_sliding=2_posNumber=0.4_stiLevel=0.2_disLevel=0.45_epoch=2000_batchSize=32_learningRate=0.15Time cluster: 108.914 seconds
Time train: 1155.45 seconds
Time model: 1311.08 seconds
List clusters: [[0, array([0., 0., 0., 0.])], [8911, array([0.01611813, 0.01601866, 0.00660386, 0.00670347])], [1452, array([0.02713225, 0.0275325 , 0.01433304, 0.0143906 ])], [357, array([0.05957413, 0.06063717, 0.0247965 , 0.02485714])], [171, array([0.11704889, 0.11266594, 0.03466504, 0.03157497])], [43, array([0.23080438, 0.2224408 , 0.05586381, 0.04990324])], [17, array([0.2869845 , 0.21770276, 0.21859473, 0.06236491])], [87, array([0.14144002, 0.14654775, 0.07871529, 0.08309286])], [38, array([0.19885402, 0.22569565, 0.12010201, 0.16040646])], [0, array([0.38233822, 0.35350596, 0.29138444, 0.21880652])], [32, array([0.27515266, 0.29468781, 0.21364479, 0.23244926])], [0, array([0.63757633, 0.40085147, 0.60682239, 0.28031561])], [0, array([0.81878816, 0.45393329, 0.8034112 , 0.30424878])], [1, array([1.        , 0.50701512, 1.        , 0.32818196])], [0, array([0.73884597, 0.49816214, 0.68208707, 0.35171504])], [10, array([0.47769194, 0.48930916, 0.36417415, 0.37524813])], [0, array([0.61101782, 0.55757201, 0.54007432, 0.44157557])], [0, array([0.7443437 , 0.62583485, 0.71597449, 0.50790301])], [0, array([0.61926441, 0.74908107, 0.59090544, 0.67585752])], [0, array([0.48868739, 0.74465458, 0.43194897, 0.68762407])], [1, array([0.49968284, 1.        , 0.4997238 , 1.        ])], [0, array([1., 1., 1., 1.])]]
w2: [[-0.11905062]
 [-0.03403912]
 [-0.0299691 ]
 [-0.01757106]
 [ 0.10176479]
 [ 0.11030738]
 [ 0.39502896]
 [-0.19992973]
 [-0.36184655]
 [ 0.00105631]
 [-0.02150754]
 [-0.08185211]
 [-0.06095625]
 [-0.05111766]
 [-0.00856441]
 [-0.22710021]
 [-0.21023785]
 [-0.07032094]
 [-0.13720857]
 [-0.17766341]
 [-0.13894511]
 [ 0.02331384]]
b2: [0.89966933]
RMSE: 0.4185
MAE: 0.2657

------------------------------------------------------
_sliding=2_posNumber=0.4_stiLevel=0.2_disLevel=0.6_epoch=2000_batchSize=32_learningRate=0.15Time cluster: 81.303 seconds
Time train: 1017.495 seconds
Time model: 1140.538 seconds
List clusters: [[0, array([0., 0., 0., 0.])], [8918, array([0.01612564, 0.01602574, 0.00660846, 0.00670735])], [1445, array([0.02716973, 0.02757634, 0.01436345, 0.01442512])], [358, array([0.05979531, 0.0605757 , 0.02474756, 0.02479678])], [170, array([0.11692121, 0.11310144, 0.03482616, 0.03174161])], [43, array([0.23080438, 0.2224408 , 0.05586381, 0.04990324])], [16, array([0.26641156, 0.19947556, 0.20793811, 0.05750833])], [90, array([0.14211001, 0.14870812, 0.07885467, 0.08543764])], [42, array([0.2104961 , 0.23887855, 0.1302693 , 0.17391099])], [26, array([0.294309  , 0.30187717, 0.23344653, 0.2272816 ])], [0, array([0.6471545 , 0.40444615, 0.61672326, 0.27773178])], [1, array([1.        , 0.50701512, 1.        , 0.32818196])], [0, array([0.73884597, 0.49816214, 0.68208707, 0.35171504])], [10, array([0.47769194, 0.48930916, 0.36417415, 0.37524813])], [0, array([0.7443437 , 0.62583485, 0.71597449, 0.50790301])], [0, array([0.74984142, 0.75350756, 0.7498619 , 0.66409098])], [0, array([0.61926441, 0.74908107, 0.59090544, 0.67585752])], [0, array([0.48868739, 0.74465458, 0.43194897, 0.68762407])], [1, array([0.49968284, 1.        , 0.4997238 , 1.        ])], [0, array([1., 1., 1., 1.])]]
w2: [[ 0.36449979]
 [ 0.14965319]
 [-0.08235608]
 [-0.0091037 ]
 [ 0.1798941 ]
 [ 0.28567204]
 [ 0.46445995]
 [-0.3224449 ]
 [-0.27413977]
 [-0.04827294]
 [ 0.0330946 ]
 [ 0.21631677]
 [ 0.11833993]
 [-0.37060381]
 [ 0.10576682]
 [ 0.13071395]
 [ 0.1115967 ]
 [ 0.01159754]
 [ 0.17296015]
 [ 0.30238043]]
b2: [-0.91924122]
RMSE: 0.4176
MAE: 0.263

------------------------------------------------------
_sliding=2_posNumber=0.4_stiLevel=0.2_disLevel=0.7_epoch=2000_batchSize=32_learningRate=0.15Time cluster: 100.79 seconds
Time train: 1039.38 seconds
Time model: 1184.745 seconds
List clusters: [[0, array([0., 0., 0., 0.])], [8913, array([0.01611912, 0.01601959, 0.00660538, 0.00670454])], [1450, array([0.02714136, 0.02754257, 0.01433433, 0.01439461])], [357, array([0.05957413, 0.06063717, 0.0247965 , 0.02485714])], [171, array([0.11704889, 0.11266594, 0.03466504, 0.03157497])], [43, array([0.23080438, 0.2224408 , 0.05586381, 0.04990324])], [17, array([0.2869845 , 0.21770276, 0.21859473, 0.06236491])], [87, array([0.14144002, 0.14654775, 0.07871529, 0.08309286])], [37, array([0.1989886 , 0.22422711, 0.11912208, 0.15867245])], [32, array([0.26736282, 0.29479805, 0.20697203, 0.23207597])], [0, array([0.63368141, 0.40090659, 0.60348602, 0.28012896])], [1, array([1.        , 0.50701512, 1.        , 0.32818196])], [0, array([0.73727584, 0.48848918, 0.68234678, 0.34540877])], [11, array([0.47455168, 0.46996325, 0.36469355, 0.36263558])], [0, array([0.74355863, 0.62099837, 0.71610434, 0.50474987])], [0, array([0.74984142, 0.75350756, 0.7498619 , 0.66409098])], [0, array([0.61847934, 0.74424459, 0.59103529, 0.67270438])], [0, array([0.48711726, 0.73498162, 0.43220868, 0.68131779])], [1, array([0.49968284, 1.        , 0.4997238 , 1.        ])], [0, array([1., 1., 1., 1.])]]
w2: [[ 2.37183969e-02]
 [ 2.24550639e-02]
 [-6.39804373e-02]
 [ 9.76722880e-03]
 [ 9.73299032e-02]
 [ 1.75556584e-01]
 [ 4.40806215e-01]
 [-2.11622053e-01]
 [-3.40217329e-01]
 [-7.52879131e-02]
 [-6.90177913e-02]
 [ 6.90329281e-02]
 [-4.06707838e-02]
 [-2.80893485e-01]
 [-5.74426691e-02]
 [-4.43772952e-02]
 [-8.10063895e-02]
 [-1.43394454e-01]
 [-2.30351403e-04]
 [ 2.31757571e-02]]
b2: [0.42674336]
RMSE: 0.4155
MAE: 0.2633

------------------------------------------------------
_sliding=2_posNumber=0.4_stiLevel=0.3_disLevel=0.35_epoch=2000_batchSize=32_learningRate=0.15Time cluster: 36.822 seconds
Time train: 1021.682 seconds
Time model: 1087.724 seconds
List clusters: [[0, array([0., 0., 0., 0.])], [10152, array([0.01727329, 0.01721981, 0.00743852, 0.00752149])], [571, array([0.05159731, 0.05218197, 0.02281156, 0.02273688])], [246, array([0.12379678, 0.12348785, 0.04586135, 0.04640689])], [99, array([0.21698452, 0.21347305, 0.1072086 , 0.09693491])], [40, array([0.27747673, 0.29030392, 0.21057429, 0.2143081 ])], [0, array([0.40026346, 0.41182308, 0.31951486, 0.31884835])], [12, array([0.52305019, 0.53334223, 0.42845544, 0.42338861])], [0, array([0.64228764, 0.65000667, 0.57134158, 0.56754145])], [0, array([0.76152509, 0.76667111, 0.71422772, 0.7116943 ])], [0, array([0.88076255, 0.88333556, 0.85711386, 0.85584715])], [0, array([1., 1., 1., 1.])]]
w2: [[-0.19921827]
 [-0.03382439]
 [-0.02504352]
 [-0.06255376]
 [ 0.02211283]
 [ 0.01940929]
 [-0.23008256]
 [-0.30472158]
 [-0.25198558]
 [-0.26381847]
 [-0.22232885]
 [-0.22321298]]
b2: [1.24126255]
RMSE: 0.4466
MAE: 0.2861

------------------------------------------------------
_sliding=2_posNumber=0.4_stiLevel=0.3_disLevel=0.45_epoch=2000_batchSize=32_learningRate=0.15Time cluster: 33.637 seconds
Time train: 1001.776 seconds
Time model: 1063.681 seconds
List clusters: [[0, array([0., 0., 0., 0.])], [10154, array([0.01728115, 0.01722653, 0.00744433, 0.00752912])], [569, array([0.05175949, 0.05237021, 0.022843  , 0.0227344 ])], [248, array([0.12408516, 0.12350396, 0.04681196, 0.04660089])], [98, array([0.21819571, 0.21605192, 0.10569669, 0.09881767])], [39, array([0.27892933, 0.2903059 , 0.21412499, 0.2139442 ])], [0, array([0.40098976, 0.41182406, 0.32129022, 0.3186664 ])], [12, array([0.52305019, 0.53334223, 0.42845544, 0.42338861])], [0, array([0.64228764, 0.65000667, 0.57134158, 0.56754145])], [0, array([0.76152509, 0.76667111, 0.71422772, 0.7116943 ])], [0, array([0.88076255, 0.88333556, 0.85711386, 0.85584715])], [0, array([1., 1., 1., 1.])]]
w2: [[ 0.17365857]
 [ 0.03384423]
 [-0.06067573]
 [ 0.03988031]
 [ 0.11903468]
 [ 0.04221647]
 [-0.20965263]
 [-0.24361509]
 [-0.02008829]
 [ 0.08751977]
 [ 0.17667753]
 [ 0.15533835]]
b2: [-0.1260237]
RMSE: 0.4526
MAE: 0.2892

------------------------------------------------------
_sliding=2_posNumber=0.4_stiLevel=0.3_disLevel=0.6_epoch=2000_batchSize=32_learningRate=0.15Time cluster: 35.268 seconds
Time train: 998.219 seconds
Time model: 1059.314 seconds
List clusters: [[0, array([0., 0., 0., 0.])], [10154, array([0.01728115, 0.01722653, 0.00744433, 0.00752912])], [569, array([0.05175949, 0.05237021, 0.022843  , 0.0227344 ])], [248, array([0.12408516, 0.12350396, 0.04681196, 0.04660089])], [98, array([0.21819571, 0.21605192, 0.10569669, 0.09881767])], [39, array([0.27892933, 0.2903059 , 0.21412499, 0.2139442 ])], [12, array([0.52305019, 0.53334223, 0.42845544, 0.42338861])], [0, array([0.76152509, 0.76667111, 0.71422772, 0.7116943 ])], [0, array([1., 1., 1., 1.])]]
w2: [[-0.10789744]
 [ 0.00274439]
 [-0.04295651]
 [-0.02723648]
 [ 0.06588714]
 [-0.08170577]
 [-0.51081902]
 [-0.33132099]
 [-0.20727089]]
b2: [0.90416496]
RMSE: 0.448
MAE: 0.288

------------------------------------------------------
_sliding=2_posNumber=0.4_stiLevel=0.3_disLevel=0.7_epoch=2000_batchSize=32_learningRate=0.15Time cluster: 33.973 seconds
Time train: 1001.576 seconds
Time model: 1062.17 seconds
List clusters: [[0, array([0., 0., 0., 0.])], [10153, array([0.01727885, 0.01722354, 0.00744232, 0.0075245 ])], [570, array([0.05167923, 0.0522999 , 0.02282476, 0.02276347])], [248, array([0.12408516, 0.12350396, 0.04681196, 0.04660089])], [98, array([0.21819571, 0.21605192, 0.10569669, 0.09881767])], [39, array([0.27892933, 0.2903059 , 0.21412499, 0.2139442 ])], [12, array([0.52305019, 0.53334223, 0.42845544, 0.42338861])], [0, array([0.76152509, 0.76667111, 0.71422772, 0.7116943 ])], [0, array([1., 1., 1., 1.])]]
w2: [[ 0.08861858]
 [ 0.01425583]
 [-0.05051273]
 [ 0.01320487]
 [ 0.11197174]
 [-0.07858908]
 [-0.36027214]
 [-0.07986088]
 [-0.0028721 ]]
b2: [0.34510998]
RMSE: 0.4511
MAE: 0.2907

------------------------------------------------------
_sliding=2_posNumber=0.4_stiLevel=0.4_disLevel=0.35_epoch=2000_batchSize=32_learningRate=0.15Time cluster: 18.086 seconds
Time train: 999.912 seconds
Time model: 1039.311 seconds
List clusters: [[0, array([0., 0., 0., 0.])], [10605, array([0.01848331, 0.01845766, 0.00802337, 0.00811158])], [380, array([0.11137905, 0.11048026, 0.04239495, 0.04104724])], [121, array([0.23771082, 0.24253713, 0.14062664, 0.13819917])], [0, array([0.36989516, 0.37350129, 0.27700946, 0.27135526])], [14, array([0.5020795 , 0.50446544, 0.41339229, 0.40451135])], [0, array([0.62655962, 0.62834908, 0.56004422, 0.55338352])], [0, array([0.75103975, 0.75223272, 0.70669614, 0.70225568])], [0, array([0.87551987, 0.87611636, 0.85334807, 0.85112784])], [0, array([1., 1., 1., 1.])]]
w2: [[-0.14475711]
 [-0.04928536]
 [-0.04464181]
 [ 0.01895393]
 [-0.11571038]
 [-0.34830416]
 [-0.26341537]
 [-0.20931355]
 [-0.16051341]
 [-0.13841914]]
b2: [1.01042116]
RMSE: 0.4478
MAE: 0.2884

------------------------------------------------------
_sliding=2_posNumber=0.4_stiLevel=0.4_disLevel=0.45_epoch=2000_batchSize=32_learningRate=0.15Time cluster: 15.862 seconds
Time train: 1016.259 seconds
Time model: 1060.356 seconds
List clusters: [[0, array([0., 0., 0., 0.])], [10602, array([0.0184696 , 0.01844325, 0.00802129, 0.00810984])], [381, array([0.11069757, 0.109888  , 0.0418344 , 0.04057883])], [123, array([0.23668344, 0.24122221, 0.14010674, 0.13741687])], [0, array([0.36938147, 0.37284383, 0.27674951, 0.27096411])], [14, array([0.5020795 , 0.50446544, 0.41339229, 0.40451135])], [0, array([0.62655962, 0.62834908, 0.56004422, 0.55338352])], [0, array([0.75103975, 0.75223272, 0.70669614, 0.70225568])], [0, array([0.87551987, 0.87611636, 0.85334807, 0.85112784])], [0, array([1., 1., 1., 1.])]]
w2: [[-0.00933045]
 [-0.04756036]
 [-0.01818766]
 [ 0.07003393]
 [-0.12149939]
 [-0.34375753]
 [-0.15532701]
 [-0.10751999]
 [-0.05449504]
 [-0.00224789]]
b2: [0.57532295]
RMSE: 0.4496
MAE: 0.2898

------------------------------------------------------
_sliding=2_posNumber=0.4_stiLevel=0.4_disLevel=0.6_epoch=2000_batchSize=32_learningRate=0.15Time cluster: 20.618 seconds
Time train: 1021.654 seconds
Time model: 1061.573 seconds
List clusters: [[0, array([0., 0., 0., 0.])], [10602, array([0.0184696 , 0.01844325, 0.00802129, 0.00810984])], [381, array([0.11069757, 0.109888  , 0.0418344 , 0.04057883])], [123, array([0.23668344, 0.24122221, 0.14010674, 0.13741687])], [14, array([0.5020795 , 0.50446544, 0.41339229, 0.40451135])], [0, array([0.75103975, 0.75223272, 0.70669614, 0.70225568])], [0, array([1., 1., 1., 1.])]]
w2: [[ 0.24644304]
 [-0.00484169]
 [ 0.05175369]
 [ 0.09065124]
 [-0.27802161]
 [ 0.12011619]
 [ 0.20985004]]
b2: [-0.14864672]
RMSE: 0.4562
MAE: 0.295

------------------------------------------------------
_sliding=2_posNumber=0.4_stiLevel=0.4_disLevel=0.7_epoch=2000_batchSize=32_learningRate=0.15Time cluster: 14.305 seconds
Time train: 1019.668 seconds
Time model: 1051.77 seconds
List clusters: [[0, array([0., 0., 0., 0.])], [10602, array([0.0184696 , 0.01844325, 0.00802129, 0.00810984])], [381, array([0.11069757, 0.109888  , 0.0418344 , 0.04057883])], [123, array([0.23668344, 0.24122221, 0.14010674, 0.13741687])], [14, array([0.5020795 , 0.50446544, 0.41339229, 0.40451135])], [0, array([0.75103975, 0.75223272, 0.70669614, 0.70225568])], [0, array([1., 1., 1., 1.])]]
w2: [[ 0.35326006]
 [ 0.01316039]
 [ 0.07908721]
 [ 0.10562819]
 [-0.14278237]
 [ 0.21492247]
 [ 0.31100963]]
b2: [-0.43885678]
RMSE: 0.4601
MAE: 0.2974

------------------------------------------------------
_sliding=2_posNumber=0.4_stiLevel=0.5_disLevel=0.35_epoch=2000_batchSize=32_learningRate=0.15Time cluster: 12.543 seconds
Time train: 1011.711 seconds
Time model: 1057.387 seconds
List clusters: [[0, array([0., 0., 0., 0.])], [10602, array([0.0184696 , 0.01844325, 0.00802129, 0.00810984])], [381, array([0.11069757, 0.109888  , 0.0418344 , 0.04057883])], [123, array([0.23668344, 0.24122221, 0.14010674, 0.13741687])], [0, array([0.36938147, 0.37284383, 0.27674951, 0.27096411])], [14, array([0.5020795 , 0.50446544, 0.41339229, 0.40451135])], [0, array([0.62655962, 0.62834908, 0.56004422, 0.55338352])], [0, array([0.75103975, 0.75223272, 0.70669614, 0.70225568])], [0, array([0.87551987, 0.87611636, 0.85334807, 0.85112784])], [0, array([1., 1., 1., 1.])]]
w2: [[-0.01047993]
 [-0.04336055]
 [-0.02094465]
 [ 0.08593049]
 [-0.15810312]
 [-0.29401392]
 [-0.19225736]
 [-0.13245029]
 [-0.00648885]
 [ 0.03243648]]
b2: [0.52934714]
RMSE: 0.4495
MAE: 0.2895

------------------------------------------------------
_sliding=2_posNumber=0.4_stiLevel=0.5_disLevel=0.45_epoch=2000_batchSize=32_learningRate=0.15Time cluster: 11.859 seconds
Time train: 1004.022 seconds
Time model: 1049.159 seconds
List clusters: [[0, array([0., 0., 0., 0.])], [10602, array([0.0184696 , 0.01844325, 0.00802129, 0.00810984])], [381, array([0.11069757, 0.109888  , 0.0418344 , 0.04057883])], [123, array([0.23668344, 0.24122221, 0.14010674, 0.13741687])], [0, array([0.36938147, 0.37284383, 0.27674951, 0.27096411])], [14, array([0.5020795 , 0.50446544, 0.41339229, 0.40451135])], [0, array([0.62655962, 0.62834908, 0.56004422, 0.55338352])], [0, array([0.75103975, 0.75223272, 0.70669614, 0.70225568])], [0, array([0.87551987, 0.87611636, 0.85334807, 0.85112784])], [0, array([1., 1., 1., 1.])]]
w2: [[ 0.14859477]
 [-0.04104946]
 [ 0.01701221]
 [ 0.12703662]
 [-0.15280603]
 [-0.28872115]
 [-0.09740128]
 [ 0.11690233]
 [ 0.05723577]
 [ 0.13083176]]
b2: [0.04407698]
RMSE: 0.4524
MAE: 0.292

------------------------------------------------------
_sliding=2_posNumber=0.4_stiLevel=0.5_disLevel=0.6_epoch=2000_batchSize=32_learningRate=0.15Time cluster: 13.752 seconds
Time train: 1017.395 seconds
Time model: 1052.476 seconds
List clusters: [[0, array([0., 0., 0., 0.])], [10602, array([0.0184696 , 0.01844325, 0.00802129, 0.00810984])], [381, array([0.11069757, 0.109888  , 0.0418344 , 0.04057883])], [123, array([0.23668344, 0.24122221, 0.14010674, 0.13741687])], [14, array([0.5020795 , 0.50446544, 0.41339229, 0.40451135])], [0, array([0.75103975, 0.75223272, 0.70669614, 0.70225568])], [0, array([1., 1., 1., 1.])]]
w2: [[ 0.03299406]
 [-0.03787714]
 [ 0.00208953]
 [ 0.03826871]
 [-0.46197645]
 [-0.16487845]
 [-0.05030383]]
b2: [0.51801406]
RMSE: 0.4511
MAE: 0.2925

------------------------------------------------------
_sliding=2_posNumber=0.4_stiLevel=0.5_disLevel=0.7_epoch=2000_batchSize=32_learningRate=0.15Time cluster: 16.023 seconds
Time train: 1029.13 seconds
Time model: 1070.622 seconds
List clusters: [[0, array([0., 0., 0., 0.])], [10602, array([0.0184696 , 0.01844325, 0.00802129, 0.00810984])], [381, array([0.11069757, 0.109888  , 0.0418344 , 0.04057883])], [123, array([0.23668344, 0.24122221, 0.14010674, 0.13741687])], [14, array([0.5020795 , 0.50446544, 0.41339229, 0.40451135])], [0, array([0.75103975, 0.75223272, 0.70669614, 0.70225568])], [0, array([1., 1., 1., 1.])]]
w2: [[ 0.46154125]
 [ 0.01293235]
 [ 0.10107818]
 [ 0.12844166]
 [-0.03943555]
 [ 0.27956559]
 [ 0.45568977]]
b2: [-0.72325378]
RMSE: 0.4635
MAE: 0.3003

